libName	subtype.pam50	subtype.pam50_proba_Basal	subtype.pam50_proba_Her2	subtype.pam50_proba_LumA	subtype.pam50_proba_LumB	subtype.pam50_proba_Normal
TCGA.E2.A1B1.01A.21R.A12P.07	LumA	0	0.325295954680805	0.421744498511148	0	0.252959546808047
TCGA.AN.A0XO.01A.11R.A109.07	LumA	0	0	0.878090023351317	0.105080924390048	0.016829052258636
TCGA.AR.A255.01A.11R.A169.07	LumA	0	0	0.57258064516129	0.42741935483871	0
TCGA.UL.AAZ6.01A.11R.A41B.07	Her2	0	0.531975583319071	0.0241314393291118	0.443892977351817	0
TCGA.LD.A7W5.01A.22R.A352.07	LumA	0	0	0.679547320276768	0	0.320452679723232
TCGA.BH.A1F8.01A.11R.A13Q.07	LumB	0	0.343038109431552	0	0.656961890568448	0
TCGA.AC.A2BM.01A.11R.A21T.07	LumB	0	0	0.355315116095404	0.644684883904596	0
TCGA.E2.A1IN.01A.11R.A13Q.07	LumA	0	0	0.715074341233623	0.284925658766377	0
TCGA.AR.A1AR.01A.31R.A137.07	Basal	0.778562140070593	0.0881169112638554	0	0.133320948665552	0
TCGA.EW.A1P6.01A.11R.A144.07	LumA	0	0	0.557792515395547	0.442207484604453	0
TCGA.BH.A0H0.01A.11R.A056.07	LumB	0	0.239427096139661	0	0.760572903860339	0
TCGA.AR.A24K.01A.11R.A169.07	LumB	0	0	0.177661832331093	0.822338167668907	0
TCGA.BH.A1FG.01A.11R.A13Q.07	LumA	0	0	0.764984835952578	0.150372208436725	0.0846429556106976
TCGA.BH.A0H9.01A.11R.A056.07	LumB	0	0	0.297220875747294	0.702779124252706	0
TCGA.D8.A1J9.01A.11R.A13Q.07	Her2	0	0.540757139694487	0.0431702457383219	0.416072614567191	0
TCGA.D8.A27K.01A.11R.A16F.07	LumA	0	0	0.719614533382516	0	0.280385466617484
TCGA.B6.A400.01A.11R.A239.07	Basal	0.998931086519115	0	0	0	0.00106891348088531
TCGA.AR.A24R.01A.11R.A169.07	LumB	0	0.0225552861656014	0.116156050253471	0.861288663580927	0
TCGA.E2.A1B4.01A.11R.A12P.07	LumA	0	0	0.669947651699477	0	0.330052348300523
TCGA.AQ.A1H2.01A.11R.A13Q.07	LumA	0	0.16275750511442	0.498739235929397	0.338503258956182	0
TCGA.C8.A1HK.01A.21R.A13Q.07	Her2	0	0.659465869251392	0	0.340534130748608	0
TCGA.D8.A1JF.01A.11R.A13Q.07	Her2	0	0.547523219814241	0	0.452476780185759	0
TCGA.GM.A2DK.01A.21R.A180.07	LumA	0	0	0.68861316790074	0.118537789340271	0.192849042758989
TCGA.A2.A1G4.01A.11R.A13Q.07	LumB	0	0	0.156393129770992	0.843606870229008	0
TCGA.BH.A0HB.01A.11R.A056.07	LumB	0	0	0.376734158230221	0.623265841769779	0
TCGA.C8.A1HG.01A.11R.A137.07	LumB	0	0	0	1	0
TCGA.BH.A1F6.01A.11R.A13Q.07	Basal	0.914898162654892	0.0851018373451075	0	0	0
TCGA.BH.A1FU.01A.11R.A14D.07	Her2	0.0906577693040991	0.909342230695901	0	0	0
TCGA.BH.A1FN.01A.11R.A13Q.07	LumB	0.138011778897325	0.310721634854183	0	0.551266586248492	0
TCGA.EW.A6S9.01A.22R.A33J.07	Her2	0	0.70416006571613	0.0392536525259637	0.256586281757906	0
TCGA.OL.A5D6.01A.21R.A27Q.07	LumA	0	0.254727474972191	0.408493096905058	0	0.336779428122751
TCGA.E9.A1R7.01A.11R.A14M.07	LumB	0	0.0309078721978104	0.11253444552022	0.856557682281969	0
TCGA.AR.A0TZ.01A.12R.A084.07	LumB	0	0.0604453870625663	0.316094298066726	0.623460314870707	0
TCGA.E2.A1L6.01A.11R.A13Q.07	LumA	0	0	0.707888693772795	0	0.292111306227205
TCGA.A7.A26H.01A.11R.A169.07	LumA	0	0	0.736933555740895	0.263066444259105	0
TCGA.BH.A1F5.01A.12R.A13Q.07	LumA	0	0	0.769423050939062	0.230576949060938	0
TCGA.A2.A0YT.01A.11R.A109.07	LumB	0	0.419609821728893	0	0.580390178271107	0
TCGA.AQ.A0Y5.01A.11R.A14M.07	LumA	0	0.416749038989566	0.466611751784734	0.0706754530477759	0.0459637561779242
TCGA.GI.A2C8.01A.11R.A16F.07	LumA	0	0	0.617116765532314	0	0.382883234467687
TCGA.AO.A0JI.01A.21R.A056.07	LumA	0	0	0.544351135021651	0.455648864978349	0
TCGA.C8.A1HO.01A.11R.A13Q.07	LumB	0	0.0127846922360511	0.266615866565066	0.720599441198882	0
TCGA.C8.A1HI.01A.11R.A137.07	LumA	0	0	0.695264287630802	0	0.304735712369198
TCGA.B6.A1KC.01B.11R.A157.07	LumB	0	0.049072218271158	0.28415335876382	0.666774422965022	0
TCGA.C8.A274.01A.11R.A16F.07	LumB	0	0.234726082245984	0.119035281925668	0.646238635828348	0
TCGA.E2.A1L7.01A.11R.A144.07	LumB	0	0.140315363307053	0	0.859684636692947	0
TCGA.D8.A1XU.01A.11R.A14M.07	LumA	0	0	0.749733291496705	0.00671477878882962	0.243551929714465
TCGA.B6.A0IK.01A.12R.A056.07	Her2	0	0.789721674337059	0	0.210278325662941	0
TCGA.E9.A247.01A.11R.A169.07	LumB	0	0	0.261764705882353	0.738235294117647	0
TCGA.AN.A0XW.01A.11R.A109.07	LumB	0	0.45209861132782	0	0.54790138867218	0
TCGA.AC.A8OP.01A.11R.A36F.07	LumA	0	0	0.685738244210798	0.0956589047281171	0.218602851061085
TCGA.EW.A6SD.01A.12R.A33J.07	Her2	0	0.763174241639921	0	0.236825758360079	0
TCGA.AR.A24Q.01A.12R.A169.07	Basal	0.873837013787692	0	0	0	0.126162986212308
TCGA.E2.A1LI.01A.12R.A157.07	Basal	0.922418743539681	0.0775812564603193	0	0	0
TCGA.D8.A1XR.01A.11R.A14M.07	LumB	0	0.108916925702444	0.293228500030475	0.597854574267081	0
TCGA.A2.A0SV.01A.11R.A084.07	LumB	0	0.426645956508668	0	0.573354043491332	0
TCGA.E9.A1R2.01A.11R.A14D.07	LumB	0	0	0.451478930307942	0.548521069692058	0
TCGA.A2.A0YM.01A.11R.A109.07	Basal	0.89243669480231	0.10756330519769	0	0	0
TCGA.AO.A03N.01B.11R.A10J.07	LumB	0	0.405502154458071	0.02048392442824	0.574013921113689	0
TCGA.LL.A442.01A.11R.A24H.07	LumB	0	0	0.485532862005761	0.514467137994239	0
TCGA.D8.A27R.01A.11R.A16F.07	LumB	0	0.425556501642136	0	0.574443498357864	0
TCGA.E9.A22G.01A.11R.A157.07	Basal	0.930239363258618	0.0226487973313045	0	0.0471118394100778	0
TCGA.E2.A1LE.01A.12R.A19W.07	Her2	0	0.773782733224223	0	0.226217266775777	0
TCGA.B6.A0WV.01A.11R.A109.07	LumB	0	0.134905753478733	0.0375999210500345	0.827494325471233	0
TCGA.D8.A1JJ.01A.31R.A14M.07	LumB	0	0.389606803622708	0	0.610393196377292	0
TCGA.E2.A1IG.01A.11R.A144.07	LumA	0	0	0.697480380008261	0.130772408095828	0.171747211895911
TCGA.D8.A1XB.01A.11R.A14D.07	LumA	0	0	0.756938751610259	0	0.243061248389741
TCGA.BH.A1FD.01A.11R.A13Q.07	LumB	0	0.328900874093361	0	0.67109912590664	0
TCGA.BH.A0HA.01A.11R.A12P.07	LumA	0	0	0.755104637109599	0.106290948412951	0.138604414477451
TCGA.B6.A0X5.01A.21R.A109.07	LumB	0	0.309619116933527	0	0.690380883066472	0
TCGA.BH.A0BS.01A.11R.A12P.07	LumA	0	0	0.625360419397117	0.374639580602883	0
TCGA.E2.A572.01A.13R.A31O.07	LumA	0	0	0.666709467556925	0	0.333290532443075
TCGA.D8.A1JP.01A.11R.A13Q.07	LumB	0	0.111537190082645	0.157157024793388	0.731305785123967	0
TCGA.A2.A259.01A.11R.A16F.07	LumA	0	0	0.611102074013827	0	0.388897925986173
TCGA.E2.A1IO.01A.11R.A144.07	LumA	0	0	0.742622574348375	0	0.257377425651625
TCGA.A1.A0SN.01A.11R.A144.07	LumB	0	0.381958946671421	0.0204247949880304	0.597616258340549	0
TCGA.S3.AA11.01A.31R.A41B.07	LumA	0	0	0.725368502715283	0.136957689323865	0.137673807960852
TCGA.D8.A1XL.01A.11R.A14M.07	LumB	0	0.412317747611865	0	0.587682252388135	0
TCGA.B6.A1KI.01A.11R.A14M.07	LumA	0	0	0.727777504790919	0.103041619576434	0.169180875632647
TCGA.3C.AALJ.01A.31R.A41B.07	LumB	0	0.291223404255319	0	0.708776595744681	0
TCGA.BH.A0BM.01A.11R.A056.07	LumA	0	0	0.606516381559872	0	0.393483618440128
TCGA.AO.A0JD.01A.11R.A056.07	LumB	0.168944876261949	0.0738854641293666	0	0.757169659608684	0
TCGA.A2.A25B.01A.11R.A169.07	LumB	0	0.398638056045463	0	0.601361943954537	0
TCGA.AR.A0TW.01A.11R.A084.07	LumB	0	0.221662868952361	0.325102008372635	0.453235122675004	0
TCGA.B6.A0RM.01A.11R.A084.07	LumB	0	0	0.43420613742495	0.56579386257505	0
TCGA.A7.A6VV.01A.22R.A33J.07	Basal	0.987715158245419	0	0	0	0.0122848417545808
TCGA.A1.A0SH.01A.11R.A084.07	LumA	0	0	0.642689424726813	0	0.357310575273187
TCGA.A2.A3XX.01A.21R.A239.07	Basal	0.994843342036554	0.00515665796344648	0	0	0
TCGA.BH.A1EN.01A.11R.A13Q.07	Her2	0	0.5991956395195	0.0085198708789755	0.392284489601524	0
TCGA.A2.A3XW.01A.11R.A239.07	Normal	0	0	0.47755578619616	0	0.52244421380384
TCGA.B6.A0WT.01A.11R.A109.07	LumA	0	0	0.72811901861841	0.27188098138159	0
TCGA.EW.A1PC.01B.11R.A21T.07	LumB	0.0884737967482955	0.422277806914915	0	0.489248396336789	0
TCGA.A2.A3XT.01A.11R.A22U.07	Basal	0.827824935283848	0.0579736319306484	0	0.114201432785504	0
TCGA.BH.A1FB.01A.11R.A13Q.07	LumA	0	0	0.577620375807399	0	0.422379624192601
TCGA.D8.A1Y3.01A.11R.A157.07	LumB	0.0706309877766766	0.378658738024447	0	0.550710274198877	0
TCGA.BH.A0HF.01A.11R.A056.07	LumA	0	0	0.690812874121627	0.19562765680576	0.113559469072612
TCGA.A2.A3XV.01A.21R.A239.07	Her2	0	0.758688837399482	0	0.241311162600518	0
TCGA.A2.A1G0.01A.11R.A13Q.07	LumA	0	0	0.642652872403062	0	0.357347127596938
TCGA.BH.A1FJ.01A.11R.A13Q.07	LumB	0	0.333690581263397	0	0.666309418736603	0
TCGA.AR.A0U3.01A.11R.A109.07	LumB	0	0.0375247917493058	0.151923839746132	0.810551368504562	0
TCGA.D8.A1XD.01A.11R.A14D.07	LumA	0	0	0.886333849636602	0.0682711783629215	0.0453949720004766
TCGA.AR.A24Z.01A.11R.A169.07	LumB	0	0.0668623096446701	0	0.93313769035533	0
TCGA.LL.A73Y.01A.11R.A33J.07	Basal	0.713525999140524	0	0	0	0.286474000859476
TCGA.D8.A1XT.01A.11R.A14M.07	Her2	0	0.717487633965375	0	0.282512366034625	0
TCGA.EW.A1P5.01A.11R.A144.07	LumB	0	0	0.425420342933245	0.574579657066756	0
TCGA.EW.A1OY.01A.11R.A144.07	LumB	0	0	0	1	0
TCGA.B6.A0RL.01A.11R.A084.07	LumB	0	0.271911804984936	0	0.728088195015064	0
TCGA.S3.A6ZH.01A.22R.A32P.07	LumB	0	0.144752186588921	0	0.855247813411079	0
TCGA.EW.A1J1.01A.11R.A13Q.07	LumA	0	0	0.546896792189679	0.453103207810321	0
TCGA.BH.A6R8.01A.21R.A33J.07	LumA	0	0.088821925670828	0.497297555842541	0.413880518486631	0
TCGA.AR.A24P.01A.11R.A169.07	LumA	0	0	0.62799815498155	0.37200184501845	0
TCGA.A2.A1FW.01A.11R.A13Q.07	LumB	0	0.186313005849828	0.0832598765926757	0.730427117557497	0
TCGA.EW.A2FS.01A.11R.A17B.07	LumA	0	0	0.520432541179429	0.476172513516912	0.003394945303659
TCGA.BH.A0B8.01A.21R.A056.07	LumA	0	0	0.623071324599709	0.376928675400291	0
TCGA.AR.A1AS.01A.11R.A12P.07	LumB	0	0.258499963906735	0.135494116797806	0.60600591929546	0
TCGA.B6.A0WW.01A.11R.A109.07	LumB	0	0.178735784184078	0.226871198095742	0.59439301772018	0
TCGA.E2.A109.01A.11R.A10J.07	LumB	0	0.380990340429523	0	0.619009659570477	0
TCGA.BH.A0BJ.01A.11R.A056.07	LumA	0	0	0.780811849841701	0	0.219188150158299
TCGA.LL.A7T0.01A.31R.A352.07	LumB	0	0.303880553952683	0	0.696119446047317	0
TCGA.GM.A2DL.01A.11R.A18M.07	LumB	0	0.498629886737304	0	0.501370113262696	0
TCGA.AC.A62X.01A.11R.A29R.07	Basal	0.865529905561385	0	0	0	0.134470094438615
TCGA.AN.A0XN.01A.21R.A109.07	LumB	0	0.367713757769192	0.203762808667899	0.428523433562909	0
TCGA.OL.A6VR.01A.32R.A33J.07	LumA	0	0	0.613853823269277	0	0.386146176730723
TCGA.E2.A574.01A.11R.A29R.07	Basal	0.760090264345584	0	0	0	0.239909735654417
TCGA.AC.A5EH.01A.11R.A28M.07	Her2	0	0.52796746719865	0.0416634696539553	0.430369063147395	0
TCGA.A7.A4SE.01A.11R.A266.07	Basal	1	0	0	0	0
TCGA.AR.A0TR.01A.11R.A084.07	LumA	0	0	0.62796442687747	0.37203557312253	0
TCGA.E9.A226.01A.21R.A157.07	LumB	0	0.297843900738072	0.0272563491602255	0.674899750101703	0
TCGA.B6.A0WY.01A.11R.A109.07	LumA	0	0	0.565439465965409	0	0.434560534034591
TCGA.D8.A27H.01A.11R.A16F.07	Basal	0.89622458857696	0.0171022910616328	0	0	0.0866731203614069
TCGA.A2.A0T2.01A.11R.A084.07	Basal	0.765524492825334	0	0	0	0.234475507174666
TCGA.AN.A0XP.01A.11R.A109.07	LumA	0	0	0.707128231379575	0.292871768620425	0
TCGA.A2.A0SU.01A.11R.A084.07	LumA	0	0	0.822848360655738	0	0.177151639344262
TCGA.E9.A1RF.01A.11R.A157.07	LumB	0	0.161147458480121	0.346552591847006	0.492299949672874	0
TCGA.A2.A1G6.01A.11R.A13Q.07	LumA	0	0	0.513197177364636	0	0.486802822635364
TCGA.A2.A0YH.01A.11R.A109.07	LumB	0	0.231458373328214	0.0483138158315736	0.720227810840212	0
TCGA.LL.A740.01A.21R.A32P.07	Her2	0	0.754902863456404	0.18276401804622	0.0623331184973759	0
TCGA.B6.A0RO.01A.22R.A084.07	LumA	0	0	0.735542845969595	0.0278144400449724	0.236642713985433
TCGA.A2.A25E.01A.11R.A169.07	LumB	0	0.0858949727825808	0	0.914105027217419	0
TCGA.D8.A1JI.01A.11R.A13Q.07	LumB	0	0	0.466085616032254	0.533914383967746	0
TCGA.C8.A26Y.01A.11R.A16F.07	Her2	0.128433955163701	0.496801247244772	0	0.374764797591527	0
TCGA.AO.A12C.01A.11R.A10J.07	LumA	0	0	0.730086807211676	0	0.269913192788324
TCGA.D8.A1XA.01A.11R.A14D.07	LumA	0	0	0.655666251556662	0.344333748443337	0
TCGA.A2.A0YJ.01A.11R.A109.07	Basal	0.810856519367158	0	0	0	0.189143480632842
TCGA.BH.A0GY.01A.11R.A056.07	LumA	0	0	1	0	0
TCGA.AC.A23H.01A.11R.A157.07	Her2	0	0.67481952887538	0	0.32518047112462	0
TCGA.OL.A5RZ.01A.11R.A28M.07	Her2	0	0.722949490268767	0	0.277050509731233	0
TCGA.B6.A0RG.01A.11R.A056.07	LumA	0	0	0.502971137521222	0.497028862478778	0
TCGA.AR.A1AN.01A.11R.A12P.07	LumA	0	0	0.726592082616179	0.273407917383821	0
TCGA.OL.A5S0.01A.11R.A28M.07	Basal	0.897490456223794	0.0142061455660554	0	0	0.0883033982101508
TCGA.AO.A0JM.01A.21R.A056.07	LumB	0	0.484674329501916	0	0.515325670498084	0
TCGA.GM.A2DH.01A.11R.A180.07	Her2	0.148505530713109	0.496446222640621	0	0.35504824664627	0
TCGA.BH.A42V.01A.11R.A24H.07	LumA	0	0	0.538695807954138	0	0.461304192045862
TCGA.C8.A273.01A.11R.A16F.07	LumB	0	0.0352405619653088	0.253904717055176	0.710854720979515	0
TCGA.B6.A0X7.01A.11R.A10J.07	LumA	0	0	0.68568097417739	0	0.31431902582261
TCGA.B6.A0I1.01A.11R.A21T.07	Basal	0.950485718428302	0.0495142815716978	0	0	0
TCGA.A7.A13G.01A.11R.A13Q.07	LumA	0	0	0.754711171326518	0	0.245288828673482
TCGA.E2.A1L9.01A.11R.A13Q.07	LumA	0	0	0.64354215003867	0.35645784996133	0
TCGA.LL.A5YP.01A.21R.A28M.07	Basal	0.910889199847348	0.0891108001526523	0	0	0
TCGA.A8.A08O.01A.21R.A056.07	LumA	0	0	0.801315059811455	0.0504634397528321	0.148221500435713
TCGA.AR.A251.01A.12R.A169.07	Basal	0.89782847383189	0.10217152616811	0	0	0
TCGA.A7.A13E.01A.11R.A277.07	Basal	0.836905351833498	0	0	0	0.163094648166501
TCGA.V7.A7HQ.01A.11R.A33J.07	LumA	0	0	0.735983003420044	0	0.264016996579957
TCGA.E2.A56Z.01A.12R.A29R.07	LumB	0	0	0.255016835016835	0.744983164983165	0
TCGA.E2.A1IU.01A.11R.A14D.07	LumA	0	0	0.693805228276878	0	0.306194771723122
TCGA.E9.A1R6.01A.11R.A14D.07	LumB	0	0.269156130549838	0.278917965304322	0.451925904145839	0
TCGA.BH.A0DH.01A.11R.A084.07	LumA	0	0	0.765609427214633	0.082370874127924	0.152019698657443
TCGA.D8.A1XY.01A.11R.A14M.07	LumA	0	0	0.720463219986121	0	0.279536780013879
TCGA.E2.A570.01A.11R.A29R.07	LumA	0	0.0315240578336099	0.554238761159833	0.414237181006558	0
TCGA.E2.A1LA.01A.11R.A144.07	LumB	0	0	0.419961734693878	0.580038265306122	0
TCGA.C8.A1HF.01A.11R.A137.07	Her2	0	0.608522483940043	0	0.391477516059957	0
TCGA.S3.AA0Z.01A.11R.A41B.07	Basal	1	0	0	0	0
TCGA.AR.A0TU.01A.31R.A109.07	Basal	0.701849717328064	0.128162906855481	0	0.169987375816455	0
TCGA.BH.A0HI.01A.11R.A084.07	LumA	0	0	0.69977546679272	0.30022453320728	0
TCGA.C8.A1HJ.01A.11R.A13Q.07	Basal	0.932092142631745	0.0398232881035027	0	0.0280845692647523	0
TCGA.BH.A5IZ.01A.11R.A27Q.07	Basal	1	0	0	0	0
TCGA.LL.A8F5.01A.11R.A36F.07	Basal	0.830521941082997	0	0	0	0.169478058917003
TCGA.D8.A1JM.01A.11R.A13Q.07	Basal	0.973730437559885	0.026269562440115	0	0	0
TCGA.AO.A0JB.01A.11R.A32Y.07	Normal	0.154868957036354	0	0.281069863961264	0	0.564061179002383
TCGA.E2.A1LS.01A.12R.A157.07	Basal	0.532170804753164	0	0	0	0.467829195246836
TCGA.D8.A1XM.01A.21R.A14M.07	LumA	0	0	0.696156256528097	0.303843743471903	0
TCGA.A7.A2KD.01A.31R.A21T.07	LumB	0	0.383790009699321	0	0.616209990300679	0
TCGA.S3.AA14.01A.11R.A41B.07	LumA	0	0.240893993131791	0.628553735292462	0	0.130552271575747
TCGA.LL.A6FQ.01A.11R.A31O.07	LumA	0	0	0.694307270233196	0.305692729766804	0
TCGA.AR.A1AP.01A.11R.A12P.07	LumA	0	0	0.529598525194592	0.470401474805408	0
TCGA.BH.A1EY.01A.11R.A13Q.07	LumA	0	0	0.631098410928352	0.368901589071648	0
TCGA.B6.A0RE.01A.11R.A056.07	Basal	1	0	0	0	0
TCGA.AC.A5XU.01A.11R.A28M.07	LumA	0	0	0.653015194681861	0.346984805318139	0
TCGA.D8.A1XK.01A.21R.A14M.07	Basal	0.71105115590118	0.187113156641803	0	0.101835687457017	0
TCGA.S3.AA12.01A.11R.A41B.07	LumB	0	0.203009633640391	0.385837845439843	0.411152520919767	0
TCGA.BH.A0AU.01A.11R.A12P.07	LumB	0	0.0747929957920456	0.166282068684675	0.75892493552328	0
TCGA.A7.A13F.01A.11R.A12P.07	LumB	0	0.34124685138539	0	0.65875314861461	0
TCGA.AO.A0JE.01A.11R.A056.07	Her2	0	0.932784512393704	0	0.0672154876062964	0
TCGA.D8.A1Y1.01A.21R.A14M.07	LumB	0	0.330214067278288	0	0.669785932721713	0
TCGA.EW.A1P3.01A.11R.A144.07	LumB	0	0.166514502422923	0.366107170447363	0.467378327129714	0
TCGA.OL.A6VO.01A.12R.A33J.07	Basal	0.875099006884786	0.0646438798513374	0	0.0602571132638762	0
TCGA.EW.A1IY.01A.11R.A13Q.07	LumB	0	0.207567993693339	0.12463539613717	0.667796610169491	0
TCGA.BH.A0E1.01A.11R.A056.07	LumB	0	0	0.019625682349883	0.980374317650117	0
TCGA.A1.A0SJ.01A.11R.A084.07	LumA	0	0.0985656913367757	0.454503729202524	0.4469305794607	0
TCGA.OL.A66O.01A.11R.A31O.07	LumB	0	0.054679856506142	0.0901184911403413	0.855201652353517	0
TCGA.E9.A244.01A.11R.A169.07	Basal	0.908121985374203	0	0	0	0.0918780146257974
TCGA.E2.A573.01A.11R.A29R.07	Basal	0.818792301184433	0.181207698815567	0	0	0
TCGA.E2.A1LK.01A.21R.A14D.07	Basal	0.767397174906523	0	0	0	0.232602825093477
TCGA.OL.A5RV.01A.12R.A28M.07	LumA	0	0	0.575325235391361	0	0.424674764608639
TCGA.BH.A1EV.01A.11R.A137.07	Her2	0	0.532447147692157	0.00240349242164124	0.465149359886202	0
TCGA.BH.A0AZ.01A.21R.A12P.07	LumA	0	0	0.738818856846831	0	0.261181143153169
TCGA.E9.A228.01A.31R.A157.07	LumB	0	0.293154604217442	0	0.706845395782558	0
TCGA.A7.A5ZW.01A.12R.A29R.07	LumA	0	0	0.666144731273804	0	0.333855268726196
TCGA.A7.A6VW.01A.21R.A33J.07	Basal	0.819331842325971	0.180668157674028	0	0	0
TCGA.BH.A1FL.01A.11R.A13Q.07	LumA	0	0	0.507824604896188	0.492175395103812	0
TCGA.D8.A27F.01A.11R.A16F.07	Basal	0.997187542872822	0.00281245712717794	0	0	0
TCGA.AO.A1KR.01A.12R.A144.07	Basal	0.944407981097401	0.0555920189025991	0	0	0
TCGA.A2.A3Y0.01A.11R.A239.07	Basal	0.787193251533742	0.212806748466258	0	0	0
TCGA.BH.A1FH.01A.12R.A13Q.07	LumA	0	0	0.534861743087154	0	0.465138256912846
TCGA.A7.A0D9.01A.31R.A056.07	LumA	0	0	0.693441158960111	0	0.306558841039889
TCGA.AN.A0XR.01A.11R.A109.07	LumB	0	0.235534422716314	0	0.764465577283686	0
TCGA.C8.A1HN.01A.11R.A137.07	LumB	0	0.215618245933341	0	0.784381754066659	0
TCGA.A2.A0SX.01A.12R.A084.07	Basal	0.964865236523652	0	0	0	0.0351347634763476
TCGA.BH.A5J0.01A.11R.A27Q.07	LumA	0	0	0.71816892530728	0.28183107469272	0
TCGA.BH.A0B3.01A.11R.A056.07	Basal	0.82472669735328	0.17527330264672	0	0	0
TCGA.AO.A12B.01A.11R.A10J.07	LumB	0	0	0.331363759847867	0.668636240152133	0
TCGA.GI.A2C9.01A.11R.A21T.07	Basal	0.741942952398592	0	0	0	0.258057047601408
TCGA.A1.A0SP.01A.11R.A084.07	Basal	1	0	0	0	0
TCGA.E9.A22E.01A.11R.A157.07	LumB	0	0	0.151640675763483	0.848359324236517	0
TCGA.D8.A1X5.01A.11R.A14D.07	LumB	0	0.325318918918919	0.133751351351351	0.54092972972973	0
TCGA.3C.AALI.01A.11R.A41B.07	Her2	0	0.662162162162162	0	0.337837837837838	0
TCGA.AC.A7VB.01A.11R.A352.07	LumB	0	0.0745239401300839	0.0726432097797978	0.852832850090118	0
TCGA.AC.A6NO.01A.12R.A33J.07	LumA	0	0	0.732613350712224	0.244763057443441	0.0226235918443348
TCGA.A7.A6VX.01A.12R.A33J.07	LumB	0	0.336682278289772	0	0.663317721710228	0
TCGA.EW.A1PH.01A.11R.A14M.07	Basal	0.895847632120796	0.104152367879204	0	0	0
TCGA.AR.A256.01A.11R.A169.07	Basal	0.987109318738298	0.0128906812617024	0	0	0
TCGA.BH.A0HN.01A.11R.A10U.07	LumA	0	0.0898994946970959	0.545449497473485	0.364651007829419	0
TCGA.D8.A27N.01A.11R.A16F.07	Her2	0	0.509464856230032	0	0.490535143769968	0
TCGA.AO.A0JL.01A.11R.A056.07	Basal	0.935136897001304	0.0648631029986962	0	0	0
TCGA.C8.A27B.01A.11R.A169.07	Basal	0.808092923426551	0.157881446878354	0	0.034025629695095	0
TCGA.AR.A0U2.01A.11R.A109.07	LumB	0	0.427118792004888	0	0.572881207995112	0
TCGA.BH.A0DK.01A.21R.A056.07	LumA	0	0	0.658495350803043	0.219659461417703	0.121845187779254
TCGA.E9.A1R0.01A.22R.A16F.07	LumA	0	0	0.814798292014531	0.0286151296921802	0.156586578293289
TCGA.A2.A3XS.01A.11R.A22U.07	Basal	1	0	0	0	0
TCGA.EW.A1P8.01A.11R.A144.07	Basal	0.944626474442988	0.0553735255570118	0	0	0
TCGA.3C.AALK.01A.11R.A41B.07	LumA	0	0	0.822982276256042	0	0.177017723743958
TCGA.C8.A26Z.01A.11R.A16F.07	LumB	0	0.157782088154639	0.288743227877734	0.553474683967628	0
TCGA.E2.A10E.01A.21R.A10J.07	LumA	0	0	0.549986134220743	0.450013865779257	0
TCGA.D8.A1JH.01A.11R.A13Q.07	LumA	0	0	0.728159195199435	0	0.271840804800565
TCGA.GM.A2DC.01A.11R.A18M.07	LumA	0	0	0.70975830318974	0	0.29024169681026
TCGA.BH.A0GZ.01A.11R.A056.07	LumA	0	0	0.746385633845686	0.253614366154314	0
TCGA.E2.A106.01A.11R.A10J.07	LumA	0	0	0.667520296409306	0.19250258813273	0.139977115457963
TCGA.AO.A03M.01B.11R.A10J.07	LumB	0	0.485313977042539	0	0.514686022957461	0
TCGA.GM.A2DA.01A.11R.A18M.07	LumA	0	0.27637894115041	0.540574466514066	0.183046592335524	0
TCGA.A2.A0YG.01A.21R.A109.07	LumB	0	0.472579856584094	0	0.527420143415906	0
TCGA.E2.A1BD.01A.11R.A12P.07	LumA	0	0	0.698952348766475	0.239743156471781	0.0613044947617438
TCGA.OL.A5D8.01A.11R.A27Q.07	LumB	0	0	0.497305467928496	0.502694532071504	0
TCGA.D8.A1X6.01A.11R.A14M.07	LumB	0	0	0.407079047103411	0.592920952896589	0
TCGA.D8.A27P.01A.11R.A16F.07	LumA	0	0	0.665355042966983	0	0.334644957033017
TCGA.B6.A1KN.01A.11R.A13Q.07	LumB	0	0.471917110180048	0	0.528082889819952	0
TCGA.BH.A0AW.01A.11R.A056.07	Her2	0	0.748704358068316	0	0.251295641931684	0
TCGA.A7.A4SF.01A.11R.A266.07	Her2	0	0.543740419008687	0	0.456259580991313	0
TCGA.AO.A129.01A.21R.A10J.07	Basal	0.99406624934794	0.00593375065206051	0	0	0
TCGA.E9.A1N6.01A.11R.A144.07	LumB	0	0.423380447585395	0	0.576619552414605	0
TCGA.OL.A5D7.01A.11R.A27Q.07	Basal	0.701816984135697	0.181423944667069	0	0.116759071197233	0
TCGA.E2.A1LB.01A.11R.A144.07	Her2	0	0.643032867545759	0	0.356967132454241	0
TCGA.EW.A6SB.01A.12R.A32P.07	Basal	0.835741404766927	0	0	0	0.164258595233073
TCGA.E9.A1R5.01A.11R.A14M.07	LumB	0	0	0.499215510478539	0.500784489521461	0
TCGA.E2.A15I.01A.21R.A137.07	LumA	0	0	0.633020825328518	0	0.366979174671482
TCGA.E2.A1IK.01A.11R.A144.07	LumA	0	0	0.635634773389875	0	0.364365226610125
TCGA.AC.A2BK.01A.11R.A21T.07	Basal	0.612260458496416	0.227672444467036	0	0.160067097036548	0
TCGA.GM.A2DM.01A.11R.A180.07	LumA	0	0	0.753108047016275	0	0.246891952983725
TCGA.B6.A402.01A.11R.A239.07	Basal	0.870098614698286	0	0	0	0.129901385301714
TCGA.E2.A1IF.01A.11R.A144.07	LumA	0	0	0.732979664014147	0.171770757977655	0.0952495780081987
TCGA.AQ.A04L.01B.21R.A10J.07	Her2	0	0.437684515195369	0.147091172214182	0.415224312590449	0
TCGA.A8.A075.01A.11R.A084.07	LumB	0	0.497914241365929	0	0.502085758634071	0
TCGA.A2.A25C.01A.11R.A169.07	LumB	0	0.293545806927952	0.02479542238356	0.681658770688488	0
TCGA.BH.A1EX.01A.11R.A13Q.07	LumB	0	0.365812276555778	0.26243713264255	0.371750590801672	0
TCGA.E2.A1B0.01A.11R.A12P.07	Her2	0.206172758778526	0.743673576145949	0	0.0501536650755247	0
TCGA.E2.A10C.01A.21R.A10J.07	LumB	0	0.347581317764804	0	0.652418682235196	0
TCGA.BH.A1FM.01A.11R.A13Q.07	LumB	0	0.272625236294896	0	0.727374763705104	0
TCGA.PL.A8LY.01A.11R.A41B.07	Normal	0	0	0.409361864730608	0	0.590638135269392
TCGA.D8.A1JA.01A.11R.A13Q.07	Her2	0	0.691686927732657	0.0513682685841395	0.256944803683203	0
TCGA.OL.A5RX.01A.11R.A28M.07	LumA	0	0	0.574208077973861	0	0.425791922026139
TCGA.A2.A0T7.01A.21R.A084.07	LumA	0	0	0.536312264545835	0	0.463687735454165
TCGA.E9.A24A.01A.11R.A169.07	LumA	0	0	0.582612624241642	0.417387375758358	0
TCGA.UU.A93S.01A.21R.A41B.07	Her2	0	0.638489400234367	0	0.361510599765633	0
TCGA.A1.A0SO.01A.22R.A084.07	Basal	0.414889508689122	0.336365586783952	0	0.248744904526926	0
TCGA.AR.A24W.01A.11R.A169.07	LumA	0	0	0.55231024346122	0	0.44768975653878
TCGA.AQ.A54N.01A.11R.A266.07	Basal	0.746083281797568	0	0	0	0.253916718202432
TCGA.BH.A0B9.01A.11R.A056.07	Basal	1	0	0	0	0
TCGA.AR.A0TQ.01A.11R.A084.07	Her2	0	0.544856459330143	0	0.455143540669856	0
TCGA.A7.A26J.01A.11R.A277.07	LumB	0	0	0.460415938483048	0.539584061516952	0
TCGA.BH.A0H3.01A.11R.A12P.07	LumA	0	0	0.684363020415441	0	0.315636979584559
TCGA.E2.A9RU.01A.11R.A41B.07	LumB	0	0.421243728545022	0	0.578756271454977	0
TCGA.D8.A1XF.01A.11R.A14D.07	LumB	0	0.00953454992823457	0	0.990465450071765	0
TCGA.GM.A2D9.01A.11R.A18M.07	LumA	0	0	0.75	0	0.25
TCGA.D8.A1JE.01A.11R.A13Q.07	LumB	0	0.196613039796782	0.143437764606266	0.659949195596952	0
TCGA.AO.A03L.01A.41R.A056.07	LumB	0	0.495055488407867	0	0.504944511592133	0
TCGA.GM.A3XL.01A.11R.A22U.07	Basal	0.806268191971841	0.170649157246328	0	0.0230826507818317	0
TCGA.AN.A0XL.01A.11R.A10J.07	LumA	0	0	0.660625	0	0.339375
TCGA.B6.A401.01A.11R.A239.07	LumA	0	0	0.77652166789547	0.0184320471860408	0.205046284918489
TCGA.E9.A1R3.01A.31R.A14M.07	LumA	0	0	0.661016263451736	0	0.338983736548264
TCGA.D8.A1JC.01A.11R.A13Q.07	LumB	0	0.126151012891344	0	0.873848987108656	0
TCGA.C8.A275.01A.21R.A16F.07	Her2	0	0.668935244845361	0	0.331064755154639	0
TCGA.E9.A229.01A.31R.A157.07	LumB	0	0	0.459265633964429	0.540734366035571	0
TCGA.D8.A1Y0.01A.11R.A14M.07	LumB	0	0	0.129776894190413	0.870223105809587	0
TCGA.OL.A5RW.01A.11R.A28M.07	Basal	0.86384926548861	0	0	0	0.13615073451139
TCGA.BH.A0DQ.01A.11R.A084.07	LumA	0	0	0.623466407010711	0.376533592989289	0
TCGA.A2.A3XU.01A.12R.A22U.07	Basal	0.85676133402814	0	0	0	0.14323866597186
TCGA.AN.A0XT.01A.11R.A109.07	LumA	0	0	0.693823169666259	0	0.306176830333741
TCGA.EW.A1OZ.01A.11R.A144.07	Her2	0	0.564067879980325	0	0.435932120019675	0
TCGA.GM.A2DB.01A.31R.A18M.07	Her2	0.147777519199441	0.674036149251416	0	0.178186331549143	0
TCGA.A2.A0YC.01A.11R.A109.07	LumB	0	0	0.441822882999354	0.558177117000646	0
TCGA.AN.A0XU.01A.11R.A109.07	Basal	0.997526737967914	0	0	0	0.00247326203208556
TCGA.BH.A204.01A.11R.A157.07	LumB	0	0.0926075703655775	0	0.907392429634422	0
TCGA.B6.A0RS.01A.11R.A084.07	Her2	0.0106389675794775	0.743909348441926	0	0.245451683978596	0
TCGA.E9.A1RB.01A.11R.A157.07	LumB	0.189844270738654	0.205598982003272	0	0.604556747258074	0
TCGA.BH.A0W4.01A.11R.A109.07	LumA	0	0	0.704727390739939	0	0.295272609260061
TCGA.A2.A0T0.01A.22R.A084.07	Basal	0.658730703259005	0.247478559176672	0	0.0937907375643225	0
TCGA.B6.A0WZ.01A.11R.A109.07	LumB	0	0.134244833068363	0.379332273449921	0.486422893481717	0
TCGA.AN.A0XS.01A.22R.A109.07	LumA	0	0	0.8149328081557	0	0.1850671918443
TCGA.A1.A0SQ.01A.21R.A144.07	LumA	0	0	0.690049942374184	0.18033038801383	0.129619669611986
TCGA.E2.A1LL.01A.11R.A144.07	Basal	0.953763963088878	0.0377853326857698	0	0	0.00845070422535211
TCGA.D8.A1X9.01A.12R.A157.07	LumB	0	0.311246548939939	0.238214304318383	0.450539146741678	0
TCGA.D8.A1XZ.01A.11R.A14M.07	LumB	0	0.359014179608373	0	0.640985820391627	0
TCGA.AR.A1AU.01A.11R.A12P.07	LumA	0	0	0.598606456165108	0	0.401393543834892
TCGA.E2.A1IE.01A.11R.A13Q.07	LumB	0	0	0.370317395450211	0.629682604549789	0
TCGA.A2.A0T5.01A.21R.A084.07	LumA	0	0	0.686814001779887	0	0.313185998220113
TCGA.D8.A1XG.01A.11R.A14D.07	LumA	0	0	0.660332702190966	0	0.339667297809034
TCGA.AR.A24L.01A.11R.A169.07	LumB	0	0.0167323696890057	0.273937801138852	0.709329829172142	0
TCGA.A2.A0CT.01A.31R.A056.07	LumB	0	0.240699384498066	0.279154638052181	0.480145977449752	0
TCGA.D8.A1XQ.01A.11R.A14M.07	Basal	0.899381113994809	0.055566646702602	0	0	0.0450522393025887
TCGA.E2.A15J.01A.11R.A12P.07	LumA	0	0	0.508592631167817	0.491407368832183	0
TCGA.BH.A0H7.01A.13R.A056.07	LumB	0	0.00783713178992883	0.366543554634718	0.625619313575354	0
TCGA.BH.A0E0.01A.11R.A056.07	Basal	0.810542056074766	0.137644859813084	0	0.0518130841121495	0
TCGA.AO.A1KP.01A.11R.A13Q.07	LumB	0	0	0.359748347737672	0.640251652262328	0
TCGA.B6.A0RN.01A.12R.A084.07	LumA	0	0	0.704869507212541	0	0.295130492787459
TCGA.AR.A1AY.01A.21R.A12P.07	Basal	1	0	0	0	0
TCGA.E9.A1RD.01A.11R.A157.07	LumB	0	0	0.474934487866013	0.525065512133987	0
TCGA.AR.A254.01A.21R.A169.07	Her2	0	0.53890771637122	0	0.46109228362878	0
TCGA.D8.A27L.01A.11R.A16F.07	LumA	0	0	0.737503913179589	0	0.262496086820411
TCGA.S3.AA10.01A.21R.A41B.07	Basal	0.913244687785165	0	0	0	0.0867553122148351
TCGA.E9.A1RE.01A.11R.A157.07	LumB	0	0.229058484133228	0.126462103330711	0.644479412536061	0
TCGA.BH.A0BT.01A.11R.A12P.07	LumA	0	0	0.76522806004619	0	0.234771939953811
TCGA.D8.A1J8.01A.11R.A13Q.07	LumB	0	0.336046633756958	0	0.663953366243042	0
TCGA.AR.A0TV.01A.21R.A084.07	LumB	0	0.225603112840467	0	0.774396887159533	0
TCGA.E9.A1RH.01A.21R.A169.07	Her2	0.271385407895389	0.477240081232354	0	0.251374510872257	0
TCGA.AO.A1KT.01A.11R.A13Q.07	LumB	0	0.437674790251698	0	0.562325209748302	0
TCGA.A2.A4S3.01A.21R.A266.07	LumB	0.0185632745410603	0.419859104232015	0	0.561577621226924	0
TCGA.D8.A1JD.01A.11R.A13Q.07	LumB	0	0.295080954146583	0	0.704919045853417	0
TCGA.B6.A409.01A.11R.A24H.07	Basal	0.79386149740132	0	0	0	0.20613850259868
TCGA.LL.A6FR.01A.12R.A31O.07	Basal	0.813448320580988	0	0	0	0.186551679419012
TCGA.A2.A0SW.01A.11R.A084.07	LumB	0	0.36896470310471	0	0.63103529689529	0
TCGA.E9.A22H.01A.11R.A157.07	LumB	0	0.00481303221029248	0.19244724176231	0.802739726027397	0
TCGA.A1.A0SI.01A.11R.A144.07	LumB	0	0.475796692214603	0	0.524203307785397	0
TCGA.OL.A5RU.01A.11R.A28M.07	LumA	0	0	0.681818181818182	0	0.318181818181818
TCGA.B6.A0X1.01A.11R.A109.07	Basal	0.610752332063808	0.21598498647679	0	0.173262681459403	0
TCGA.A2.A1FZ.01A.51R.A14D.07	LumA	0	0	0.772489539748954	0	0.227510460251046
TCGA.E2.A10B.01A.11R.A10J.07	LumB	0	0	0.388303693570451	0.611696306429549	0
TCGA.E9.A249.01A.11R.A169.07	LumB	0	0	0.355345394736842	0.644654605263158	0
TCGA.BH.A0DS.01A.11R.A056.07	LumA	0	0	0.835539809807943	0.0742743489340543	0.0901858412580024
TCGA.S3.A6ZF.01A.32R.A32P.07	LumB	0	0.209411905045926	0	0.790588094954074	0
TCGA.PL.A8LX.01A.11R.A41B.07	LumA	0	0	0.740501869817354	0.0767980055281557	0.18270012465449
TCGA.A2.A3XZ.01A.42R.A239.07	Her2	0	0.900240384615385	0	0.0997596153846154	0
TCGA.C8.A26W.01A.11R.A16F.07	LumB	0	0.350586264656616	0	0.649413735343384	0
TCGA.B6.A0RI.01A.11R.A056.07	LumB	0	0	0	1	0
TCGA.A2.A0EU.01A.22R.A056.07	LumA	0	0	0.586856705567247	0.413143294432753	0
TCGA.E9.A245.01A.22R.A16F.07	LumA	0	0	0.73329535744802	0.0262603246938194	0.24044431785816
TCGA.AQ.A1H3.01A.31R.A13Q.07	LumA	0	0	0.731708972444686	0.268291027555314	0
TCGA.AQ.A04H.01B.11R.A10J.07	LumB	0	0.368453654690844	0	0.631546345309157	0
TCGA.BH.A0HY.01A.11R.A056.07	Her2	0	0.504714563902839	0	0.495285436097161	0
TCGA.EW.A1PF.01A.11R.A144.07	LumA	0	0	0.715807114282625	0	0.284192885717375
TCGA.A2.A0YE.01A.11R.A109.07	Basal	0.852	0.148	0	0	0
TCGA.BH.A0BC.01A.22R.A084.07	LumA	0	0	0.548396068978305	0.451603931021695	0
TCGA.E9.A1RA.01A.11R.A14D.07	LumA	0	0	0.76999695863747	0.23000304136253	0
TCGA.A1.A0SF.01A.11R.A144.07	LumA	0	0	0.662301826209111	0	0.337698173790889
TCGA.EW.A1PA.01A.11R.A144.07	LumA	0	0	0.502733118971061	0.497266881028939	0
TCGA.BH.A1ET.01A.11R.A137.07	LumA	0	0	0.701309258942324	0	0.298690741057676
TCGA.E9.A227.01A.11R.A157.07	LumA	0	0	0.725829725829726	0.258297258297258	0.0158730158730159
TCGA.BH.A0E2.01A.11R.A056.07	LumB	0	0	0.435712339961863	0.564287660038137	0
TCGA.AR.A24N.01A.11R.A169.07	LumB	0	0.24989026149119	0.105160845300056	0.644948893208754	0
TCGA.B6.A0X4.01A.11R.A109.07	LumA	0	0	0.673673541336154	0	0.326326458663846
TCGA.BH.A0HK.01A.11R.A056.07	LumA	0	0	0.656011175938861	0.032130824225491	0.311857999835648
TCGA.AO.A126.01A.11R.A10J.07	LumB	0	0.20009485978538	0.339420169561866	0.460484970652754	0
TCGA.AO.A0JA.01A.11R.A056.07	LumB	0	0	0.259215757137694	0.740784242862306	0
TCGA.EW.A1J6.01A.11R.A13Q.07	LumA	0	0	0.506385950908002	0.493614049091998	0
TCGA.E9.A1RG.01A.11R.A14D.07	LumB	0	0.214464708339134	0	0.785535291660866	0
TCGA.A7.A13D.01A.13R.A12P.07	Basal	0.882655720615064	0.117344279384936	0	0	0
TCGA.BH.A202.01A.11R.A14M.07	LumB	0	0.4303250641574	0	0.5696749358426	0
TCGA.WT.AB41.01A.11R.A41B.07	LumA	0	0	0.734655719047232	0.0995853995610113	0.165758881391757
TCGA.BH.A0HX.01A.21R.A056.07	LumB	0	0.0556494890832905	0.367786517679924	0.576563993236786	0
TCGA.C8.A27A.01A.11R.A169.07	LumB	0	0.259440278521693	0	0.740559721478308	0
TCGA.BH.A201.01A.11R.A14M.07	LumA	0	0	0.536189737624402	0	0.463810262375598
TCGA.BH.A0W3.01A.11R.A109.07	LumB	0	0.078122005748962	0.185691472373044	0.736186521877994	0
TCGA.AR.A24V.01A.21R.A169.07	LumA	0	0	0.588429612061664	0.411570387938336	0
TCGA.AC.A23C.01A.12R.A169.07	LumA	0	0.104906842723661	0.483242880322274	0.411850276954065	0
TCGA.E9.A1N8.01A.11R.A144.07	Basal	0.768702075930428	0	0	0	0.231297924069572
TCGA.AN.A0XV.01A.11R.A109.07	LumA	0	0	0.715164419209842	0.2040059932182	0.080829587571958
TCGA.A2.A1FX.01A.11R.A13Q.07	LumB	0	0	0.130511958146487	0.869488041853513	0
TCGA.A2.A0YF.01A.21R.A109.07	LumB	0	0	0.423933922397234	0.576066077602766	0
TCGA.BH.A0H6.01A.21R.A056.07	LumA	0	0	0.863150437918599	0	0.136849562081401
TCGA.OL.A66L.01A.12R.A31O.07	LumA	0	0	0.634399932099813	0	0.365600067900187
TCGA.E2.A105.01A.11R.A10J.07	LumB	0	0	0.237143766916096	0.762856233083904	0
TCGA.C8.A1HE.01A.11R.A13Q.07	LumA	0	0	0.792995939675174	0.207004060324826	0
TCGA.E9.A1NH.01A.11R.A14D.07	LumA	0	0	0.746264864315479	0	0.253735135684521
TCGA.A7.A26I.01A.11R.A169.07	Basal	0.862788632326821	0.137211367673179	0	0	0
TCGA.B6.A1KF.01A.11R.A13Q.07	Basal	0.523837237499394	0.318298656578884	0	0.157864105921723	0
TCGA.AO.A0JF.01A.11R.A056.07	LumA	0	0	0.801795619603134	0.000972150740550123	0.197232229656316
TCGA.A2.A04R.01A.41R.A109.07	LumB	0	0	0.226428027418126	0.773571972581874	0
TCGA.D8.A1XW.01A.11R.A14M.07	Basal	0.609321000203293	0	0	0	0.390678999796707
TCGA.E2.A1AZ.01A.11R.A12P.07	Basal	0.781255845856457	0.212196794911767	0	0.00654735923177652	0
TCGA.C8.A26V.01A.11R.A16F.07	LumB	0	0.275074352970955	0.15762829842435	0.567297348604695	0
TCGA.AR.A0TP.01A.11R.A084.07	Basal	0.867458963973566	0	0	0	0.132541036026434
