1
1
1
1
1
1
1
1
1
1
1
2
3
4
5
6
5
5
5
5
5
3
4
4
4
3
2
2
1
1
2
2
2
2
2
2
3
3
4
2
2
3
3
3
4
5
6
5
6
7
8
6
4
5
5
4
3
3
3
3
3
3
2
2
3
3
4
4
4
5
4
3
2
2
2
3
4
4
3
3
3
4
4
5
4
5
5
6
8
10
13
14
16
16
16
15
16
6
5
8
10
11
12
14
13
14
12
12
13
9
10
11
13
19
19
23
19
22
23
22
20
22
23
20
22
22
16
17
15
17
15
18
16
18
15
19
18
22
20
18
18
19
19
17
21
18
23
22
24
24
23
19
22
23
23
23
29
28
26
27
25
26
23
20
20
20
25
26
24
24
20
19
20
19
23
25
24
30
37
40
37
45
42
44
43
51
53
52
51
51
53
58
65
59
55
57
58
67
63
65
67
76
67
63
66
66
69
72
76
77
66
66
65
74
72
68
63
69
79
77
74
75
78
79
80
91
86
102
104
100
97
97
96
95
92
96
102
98
109
110
102
98
103
111
115
116
117
124
123
131
132
129
128
126
128
129
120
116
110
118
118
120
118
107
105
102
112
101
107
111
114
119
122
138
142
150
156
163
159
161
164
178
177
176
181
189
195
188
201
207
211
209
206
211
213
222
237
239
241
237
228
224
242
243
245
260
267
264
266
255
271
280
285
284
285
280
290
293
301
318
324
325
334
350
345
365
370
394
375
385
392
409
412
424
446
490
510
499
505
519
550
578
563
594
604
613
619
619
628
637
671
672
701
710
699
710
704
711
711
718
752
769
802
800
819
839
862
864
880
887
880
900
938
946
988
1044
1038
1083
1079
1101
1120
1170
1223
1220
1207
1242
1244
1271
1343
1387
1415
1414
1486
1550
1570
1575
1577
1684
1746
1777
1773
1813
1835
1873
1891
1959
2047
2139
2171
2240
2317
2345
2379
2443
2520
2570
2651
2742
2760
2815
2872
2927
2962
3055
3084
3160
3209
3280
3312
3408
3458
3597
3646
3689
3740
3827
3931
3992
4066
4195
4281
4289
4316
4400
4547
4625
4685
4733
4764
4838
4904
5017
5131
5181
5259
5276
5391
5478
5570
5656
5744
5913
6126
6266
6404
6608
6705
6841
7003
7144
7434
7525
7631
7799
7934
8085
8236
8403
8593
8735
8919
9070
9238
9391
9494
9728
9943
10205
10401
10592
10796
10953
11198
11405
11559
11752
11951
12225
12531
12836
13150
13373
13733
13994
14306
14637
14797
15116
15532
15714
16082
16472
16819
17234
17519
17886
18245
18533
18813
19185
19559
19963
20354
20819
21202
21583
21951
22374
22830
23252
23736
24294
24772
25302
25785
26163
26553
26882
27206
27765
28348
28986
29528
30061
30430
30899
31777
32283
32839
33429
33882
34244
34881
35486
36019
36783
37454
38030
38958
39683
40676
41449
42408
43162
44009
44954
45651
46366
47131
48110
48998
49902
51127
52114
53131
54064
55303
56393
57488
58573
59886
60833
62291
63667
64925
66344
67724
69011
70477
72132
73447
74867
76111
77600
79111
80720
82588
84369
85804
87493
89123
90791
92422
94275
96200
98140
100125
102074
103895
106380
108685
110806
112945
115297
117539
119779
122010
124391
126952
129665
132478
135257
138251
141027
143579
146503
149470
152700
155882
158755
162035
165143
168676
171906
175310
178971
183011
186770
190346
194135
197817
201305
205198
209329
213665
218194
222708
226660
231204
236161
240875
246030
250837
256187
261524
267013
271893
277516
282914
288177
293836
299844
306083
312249
318674
325266
331527
338022
344398
351206
358211
365248
372702
379608
386965
394710
402861
410784
419113
427379
435836
444506
453009
461688
471419
481203
490541
500517
510793
520713
531291
541964
552469
564113
574900
585947
597597
609692
622224
635074
646871
659321
672236
685640
698999
713155
727214
742017
757388
772171
786786
802667
818598
835110
851987
869197
886009
903665
920718
938383
957535
976763
995705
1015672
1035662
1056825
1078393
1098933
1120981
1143626
1166075
