1
1
2
3
4
4
5
4
6
5
6
9
9
9
7
5
6
6
6
8
11
11
11
8
11
11
11
11
9
7
8
8
6
5
3
2
1
1
2
1
1
1
1
1
1
1
2
3
3
4
2
2
3
3
5
5
6
10
13
9
8
6
5
6
6
7
11
14
14
12
12
13
14
15
13
10
10
9
10
9
7
5
5
6
3
3
3
3
2
3
4
4
4
4
4
5
6
7
8
10
11
14
15
14
14
14
14
17
16
17
21
22
25
22
24
25
23
25
27
29
29
37
41
40
43
47
50
45
49
45
46
52
56
54
55
66
58
56
51
57
57
61
64
63
64
65
63
64
66
75
71
80
79
85
77
83
89
89
87
94
98
104
104
106
100
105
107
96
94
103
105
112
108
115
128
132
135
146
143
144
142
154
169
166
167
180
181
195
192
189
182
189
195
196
190
199
213
216
219
224
234
233
233
226
228
223
231
236
235
240
246
253
254
258
281
284
291
312
321
328
352
351
359
366
362
379
390
404
408
402
409
426
422
442
455
445
458
471
477
482
506
523
549
568
542
542
556
579
589
568
580
581
592
595
597
596
611
624
649
661
667
693
693
728
715
717
744
759
754
756
787
805
828
836
866
893
947
986
1021
1063
1065
1098
1139
1187
1232
1278
1317
1356
1404
1462
1479
1522
1562
1584
1640
1700
1754
1830
1869
1920
1983
2017
2042
2080
2088
2076
2116
2180
2195
2229
2260
2297
2303
2342
2402
2451
2491
2496
2548
2571
2615
2686
2711
2799
2849
2877
2949
2963
3031
3081
3085
3112
3222
3288
3367
3423
3551
3611
3643
3722
3781
3864
3938
3973
4078
4169
4213
4295
4393
4471
4576
4562
4679
4763
4882
5000
5099
5246
5328
5440
5549
5646
5759
5913
5997
6133
6248
6475
6606
6724
6873
7020
7109
7277
7329
7600
7781
7952
8129
8280
8498
8722
8919
9014
9182
9346
9551
9748
9940
10149
10327
10487
10652
10866
10996
11206
11499
11787
11969
12149
12386
12684
12972
13170
13396
13622
13855
14089
14376
14649
14986
15360
15706
15941
16199
16351
16675
16975
17288
17719
17894
18131
18408
18790
19089
19297
19770
20189
20653
21085
21415
21850
22338
22825
23047
23487
23983
24417
24967
25267
25947
26494
26918
27674
28133
28532
29126
29705
30142
30949
31590
32329
32995
33759
34290
34981
35671
36298
36948
37639
38229
39031
39818
40628
41538
42603
43392
44302
45183
46198
47140
48047
49022
49863
50827
51930
53043
54010
55201
56122
57332
58585
59783
60973
61965
63284
64498
65794
67195
68486
70039
71572
72877
74246
75561
77172
78724
80072
81699
83281
84894
86515
88286
89913
91737
93533
95457
97369
99346
101168
102933
104657
106557
108798
110867
113193
115125
117059
119320
121824
124333
126687
129415
132164
134854
137766
140760
143275
145973
148890
151597
154295
157303
160383
163485
166936
170403
173798
177285
180776
184717
188389
192474
196020
200128
203979
207838
211852
216033
220228
225155
229435
234263
239206
243654
248265
253029
257798
262338
267738
273442
278917
284864
290929
296898
302762
308585
314179
320455
327144
334285
340759
347326
354144
361051
368182
375673
383459
391179
399602
407773
415452
424663
433294
441881
450905
459634
469363
478790
488188
498104
507442
517303
527636
537823
548811
560001
570470
581379
593381
605600
617748
629865
642900
656219
669222
682936
696605
710721
724994
739925
755440
770410
785612
802221
817113
834036
850960
866959
885343
902924
920764
938220
955979
974936
994086
1013817
1034945
1055803
1076840
1098122
1120023
1142696
1165951
1188934
1213048
1237438
1262640
1288027
1313793
1341351
1368835
1394550
1422476
1452127
1481445
1509482
1540023
1571524
1602589
1635036
1667472
1701301
1735074
1768980
1804245
1839226
1876881
1915533
1954181
1992447
2032750
2071473
2112728
2154657
2197824
2242234
2288450
2333775
2380607
2427153
2474865
2523752
2574509
2626278
2679280
2732743
2786960
2842474
2898476
2956325
3014444
3075772
3136104
3199139
3264725
3330483
3397987
3465478
3535465
3606140
3677419
3751036
3825358
3903104
3981984
4062089
4143542
4225710
4308831
4392633
4479202
4569402
4660194
4753574
4849454
4946658
5044321
5143903
5246558
5350816
5455068
5563070
5673039
5786833
5902899
6022035
6142250
6264241
6391308
6516305
6645692
6778571
6913961
7054473
7195383
7338043
7483375
7634458
7787479
7943106
