1
1
1
1
1
1
2
4
5
5
5
7
4
3
2
2
2
3
1
1
2
2
2
2
2
3
4
4
5
5
6
7
8
5
5
4
4
4
5
5
6
8
7
6
7
5
4
4
2
3
4
4
5
4
3
2
1
1
2
3
3
3
3
4
5
3
3
3
3
3
4
5
7
8
9
8
7
5
6
6
6
5
3
3
4
4
6
7
9
8
9
8
9
10
9
11
10
8
9
9
11
11
10
10
13
12
13
14
16
17
19
22
22
21
20
21
21
21
23
25
22
20
24
20
24
22
24
23
28
26
34
35
34
35
30
31
33
26
24
30
31
29
30
29
30
26
21
22
20
21
20
19
23
18
21
25
23
21
25
30
33
32
31
32
31
25
25
23
24
22
24
24
26
25
30
32
32
36
36
34
35
36
35
37
39
45
44
45
48
41
40
45
47
52
53
62
62
62
68
76
75
69
68
69
72
62
61
60
63
64
72
70
68
70
74
83
89
93
92
97
101
115
112
112
107
100
102
100
105
108
110
120
122
127
138
128
130
130
131
131
132
127
128
123
125
125
120
125
133
146
164
181
194
195
202
201
208
204
201
210
213
216
207
220
227
234
245
254
260
263
282
267
262
275
279
283
284
291
298
309
314
333
348
344
341
351
357
365
358
364
375
396
399
424
442
463
474
488
482
489
492
492
505
522
526
535
539
549
557
566
551
561
575
590
593
594
615
620
650
653
674
698
724
743
761
775
798
818
856
886
857
844
860
860
838
819
832
857
875
902
916
954
964
975
992
1007
1016
1051
1067
1107
1163
1207
1211
1223
1186
1229
1262
1288
1310
1330
1367
1382
1386
1383
1395
1423
1465
1483
1523
1543
1544
1565
1608
1651
1680
1757
1842
1862
1935
1992
2004
2053
2102
2158
2233
2243
2257
2288
2310
2361
2413
2453
2525
2603
2720
2790
2855
2880
2925
2983
3054
3069
3100
3124
3170
3209
3327
3406
3457
3531
3603
3732
3802
3938
3987
4113
4167
4200
4271
4355
4445
4506
4630
4719
4829
4961
5052
5162
5207
5339
5476
5630
5709
5814
5984
6089
6275
6459
6556
6749
6868
7004
7219
7336
7398
7589
7730
7801
7910
8115
8254
8537
8600
8804
8908
9084
9329
9492
9687
9833
9789
9992
10230
10454
10563
10764
11037
11243
11433
11723
11887
12085
12337
12472
12809
13048
13305
13547
13755
13982
14195
14545
14946
15236
15484
15818
16207
16429
16843
17191
17539
17858
18293
18665
18918
19217
19720
20107
20572
21019
21628
22069
22529
22943
23344
23750
24148
24611
25079
25499
25913
26416
26767
27297
27675
28223
28713
29263
30018
30537
31277
31950
32585
33167
33966
34463
35031
35713
36432
37105
37909
38698
39451
40331
41017
41932
42885
43582
44449
45187
46189
47099
47965
48808
49676
50608
51808
52576
53818
54980
55926
57098
58398
59715
60680
61952
63282
64800
66081
67284
68480
70002
71383
72875
74152
75469
77332
79106
80571
82043
83594
85395
86853
88835
90537
92591
94346
96226
98153
99936
102001
104117
106247
108406
110678
113054
115539
118172
120652
123037
125177
127885
130161
132535
135070
138010
140933
143640
146366
149245
152222
155538
158414
161806
165149
168169
171818
175092
178643
182188
185603
189232
192887
196680
200830
204875
209044
213512
217937
222009
226296
230612
235383
240481
244709
250008
255130
259909
265281
270693
276173
281976
287890
294074
299834
305694
312083
318191
324349
330761
337173
343850
350215
356879
364812
372089
379707
387715
394358
402317
410412
418944
427263
435562
444500
453551
462512
471917
481663
491784
501382
511891
522139
533416
543793
554282
564061
575578
586622
598582
610483
623061
635403
647662
661102
673896
687425
701374
715011
728775
742890
758132
772447
787914
803195
819116
835826
853411
870005
887266
905266
924124
942241
961378
980047
1000356
1019370
1039774
1061420
1083176
1104862
1126931
1149237
1172390
1195399
1219889
1243875
1268037
1293094
1319081
1346386
1373483
1401353
1429912
1458302
1488366
1517984
1548974
1581053
1611494
1644249
1676566
1709553
1743400
1779019
1813949
1849727
1887453
1925139
1963485
2003301
