libName	subtype.pam50	subtype.pam50_proba_Basal	subtype.pam50_proba_Her2	subtype.pam50_proba_LumA	subtype.pam50_proba_LumB	subtype.pam50_proba_Normal
TCGA.D8.A27G.01A	LumB	0	0.032258064516129	0.203001656758601	0.76474027872527	0
TCGA.E2.A1B1.01A	Her2	0	0.658254344391785	0	0.341745655608215	0
TCGA.AN.A0XO.01A	LumB	0	0.359221748400853	0	0.640778251599147	0
TCGA.AR.A255.01A	Her2	0	0.412629468760441	0.185566321416639	0.40180420982292	0
TCGA.GM.A5PV.01A	LumA	0	0.240210927858185	0.422865477392573	0.336923594749243	0
TCGA.S3.A6ZG.01A	LumA	0	0	0.796427735746042	0.0145854457530614	0.188986818500897
TCGA.OL.A66N.01A	LumB	0	0.450838168923275	0	0.549161831076725	0
TCGA.UL.AAZ6.01A	Basal	0.547599488864549	0	0	0	0.452400511135451
TCGA.LL.A5YM.01A	LumA	0	0	0.679855072463768	0.320144927536232	0
TCGA.LD.A7W5.01A	LumA	0	0	0.688906688025631	0.0374048858630356	0.273688426111334
TCGA.BH.A1F8.01A	LumA	0	0.129245763328242	0.564622881664121	0.306131355007637	0
TCGA.AC.A2BM.01A	LumA	0	0.150692882536458	0.666981063629108	0	0.182326053834434
TCGA.AR.A1AM.01A	LumB	0.0289733049378436	0.467485513347531	0	0.503541181714625	0
TCGA.E2.A1IN.01A	LumB	0	0.388242540377772	0	0.611757459622228	0
TCGA.AR.A1AR.01A	Basal	0.610558303044748	0.18369778942978	0	0.205743907525472	0
TCGA.EW.A1P6.01A	LumB	0	0.428403857850378	0	0.571596142149622	0
TCGA.BH.A0H0.01A	Basal	0.40908112760921	0.326963632451044	0	0.263955239939746	0
TCGA.E2.A107.01A	Basal	1	0	0	0	0
TCGA.A7.A426.01A	LumB	0	0.120230137913529	0.348168203739741	0.53160165834673	0
TCGA.AR.A24K.01A	LumB	0	0.0594811773954057	0.0254170669927505	0.915101755611844	0
TCGA.BH.A1FG.01A	LumB	0	0	0.421911037891268	0.578088962108731	0
TCGA.BH.A0H9.01A	LumA	0	0	0.562994181709682	0	0.437005818290318
TCGA.D8.A1J9.01A	LumB	0	0.340038053818973	0.0466974721391683	0.613264474041859	0
TCGA.D8.A27K.01A	LumB	0	0.0958980559947912	0.321923541996093	0.582178402009116	0
TCGA.E2.A2P5.01A	LumB	0	0	0.127319384129491	0.872680615870509	0
TCGA.AO.A1KS.01A	LumB	0	0.42057057057057	0	0.579429429429429	0
TCGA.E2.A1BC.01A	LumB	0	0.404821150855365	0	0.595178849144634	0
TCGA.E9.A1RI.01A	Basal	1	0	0	0	0
TCGA.AC.A5XS.01A	LumA	0	0	0.578830823737821	0.421169176262179	0
TCGA.B6.A400.01A	Basal	0.526855832616796	0.280710805388363	0	0.192433361994841	0
TCGA.E2.A1IJ.01A	Basal	0.979830287206266	0.0201697127937337	0	0	0
TCGA.EW.A1PG.01A	LumB	0	0.0579361790302528	0.0537919602154994	0.888271860754248	0
TCGA.A1.A0SK.01A	LumA	0	0	0.685725056546871	0	0.314274943453129
TCGA.AR.A24R.01A	LumA	0	0	0.842559801180491	0.00565392979186083	0.151786269027648
TCGA.E2.A1B4.01A	Her2	0.103734439834025	0.455048409405256	0	0.441217150760719	0
TCGA.AQ.A1H2.01A	LumB	0	0	0.358362009635237	0.641637990364763	0
TCGA.C8.A1HK.01A	LumA	0	0	0.533128528727997	0.466871471272003	0
TCGA.D8.A1JF.01A	Basal	0.82660626029654	0.17339373970346	0	0	0
TCGA.EW.A424.01A	LumB	0	0.0627287956815785	0.213004901656636	0.724266302661786	0
TCGA.GM.A2DK.01A	LumB	0	0.484116755117513	0	0.515883244882487	0
TCGA.A2.A1G4.01A	LumB	0	0.316418091427186	0	0.683581908572814	0
TCGA.LD.A7W6.01A	LumA	0	0	0.76531498015873	0	0.23468501984127
TCGA.BH.A0HB.01A	Basal	0.904925751539297	0	0	0	0.0950742484607027
TCGA.C8.A1HG.01A	LumA	0	0	0.801455301455302	0	0.198544698544699
TCGA.BH.A1F6.01A	Basal	0.842085561497326	0.157914438502674	0	0	0
TCGA.AO.A1KO.01A	LumB	0	0.443418820476998	0	0.556581179523002	0
TCGA.BH.A1FU.01A	LumB	0	0	0.369447576099211	0.630552423900789	0
TCGA.BH.A1FN.01A	LumB	0	0.288456632653061	0	0.711543367346939	0
TCGA.EW.A6S9.01A	LumB	0	0.119587453119673	0	0.880412546880327	0
TCGA.OL.A5D6.01A	LumA	0	0	0.631651524983777	0.368348475016223	0
TCGA.E9.A1R7.01A	LumA	0	0	0.695067926757236	0	0.304932073242764
TCGA.EW.A1IX.01A	LumB	0	0.0225067520256077	0.000500150045013504	0.976993097929379	0
TCGA.E9.A1NI.01A	LumA	0	0	0.51546132874157	0	0.48453867125843
TCGA.D8.A1JN.01A	LumA	0	0	0.604477611940299	0	0.395522388059701
TCGA.EW.A1J5.01A	LumB	0	0.415685724962631	0	0.584314275037369	0
TCGA.AR.A0TZ.01A	LumB	0	0.371942753391007	0	0.628057246608993	0
TCGA.E2.A1L6.01A	LumB	0	0.404694614539174	0	0.595305385460826	0
TCGA.A7.A26H.01A	LumB	0	0.25656976744186	0	0.74343023255814	0
TCGA.BH.A1F5.01A	LumB	0	0	0.452032977328087	0.547967022671913	0
TCGA.A2.A0YT.01A	LumB	0	0	0.403465795681365	0.596534204318635	0
TCGA.LL.A6FP.01A	Basal	0.962388250319285	0.0376117496807152	0	0	0
TCGA.AR.A2LR.01A	Basal	0.651634023818931	0.110233109442908	0	0.238132866738161	0
TCGA.AQ.A0Y5.01A	Basal	0.980960142243295	0.0190398577567047	0	0	0
TCGA.GI.A2C8.01A	Her2	0	0.644027749849186	0	0.355972250150814	0
TCGA.AO.A0JI.01A	Normal	0	0	0.370494372417723	0	0.629505627582277
TCGA.EW.A2FW.01A	Basal	0.910428623763585	0.0895713762364147	0	0	0
TCGA.C8.A1HO.01A	Her2	0.0041399648386548	0.654171156354562	0	0.341688878806783	0
TCGA.C8.A1HI.01A	Basal	0.694826217091198	0.246716755237921	0	0.0584570276708814	0
TCGA.AR.A2LL.01A	LumA	0	0	0.774754787482485	0.225245212517515	0
TCGA.B6.A1KC.01B	Basal	0.734198341768063	0	0	0	0.265801658231937
TCGA.PL.A8LV.01A	Normal	0	0	0.470222808357049	0	0.529777191642951
TCGA.C8.A274.01A	LumA	0	0	0.780987431428373	0.194083744184432	0.0249288243871953
TCGA.AC.A2QH.01A	LumA	0	0	0.764404159640247	0.235595840359753	0
TCGA.E2.A1L7.01A	LumB	0.0652050486963358	0.417478272262742	0	0.517316679040922	0
TCGA.BH.A28O.01A	LumA	0	0.0450925925925926	0.676944444444444	0.238055555555556	0.0399074074074074
TCGA.D8.A1XU.01A	Basal	0.787176064953843	0.212823935046157	0	0	0
TCGA.B6.A0IK.01A	Basal	0.930789648307896	0	0	0	0.0692103516921035
TCGA.E9.A247.01A	LumB	0	0.410453293793688	0	0.589546706206312	0
TCGA.AN.A0XW.01A	LumB	0	0.047136281535862	0.47515003204568	0.477713686418458	0
TCGA.AC.A8OP.01A	LumA	0	0	0.649222008341354	0	0.350777991658646
TCGA.EW.A6SD.01A	LumB	0	0	0.459280947841482	0.540719052158518	0
TCGA.A7.A4SB.01A	Basal	0.599902872207576	0.400097127792424	0	0	0
TCGA.AR.A24Q.01A	LumB	0	0.107648557378992	0.376266366490906	0.516085076130102	0
TCGA.D8.A1XV.01A	Basal	0.72760748923811	0.233131061666926	0	0.039261449094964	0
TCGA.E2.A1LI.01A	LumB	0	0.0672984874593146	0	0.932701512540685	0
TCGA.D8.A1XR.01A	LumB	0	0.433008698940998	0	0.566991301059002	0
TCGA.A2.A0SV.01A	LumA	0	0	0.695332712408155	0.132774500672669	0.171892786919176
TCGA.E9.A1R2.01A	LumB	0	0	0.102281180262832	0.897718819737168	0
TCGA.A2.A0YM.01A	LumA	0	0	0.518595950704225	0.481404049295775	0
TCGA.AO.A03N.01B	LumA	0	0	0.613912429378531	0.386087570621469	0
TCGA.LL.A442.01A	LumB	0	0	0.2136709367494	0.7863290632506	0
TCGA.D8.A27R.01A	LumB	0	0	0.481979778212655	0.518020221787345	0
TCGA.E9.A22G.01A	LumA	0	0	0.513872186909466	0	0.486127813090534
TCGA.A2.A4RW.01A	LumB	0	0.0824256388772518	0	0.917574361122748	0
TCGA.E2.A1LE.01A	LumB	0	0.453232565100269	0	0.546767434899731	0
TCGA.3C.AAAU.01A	LumA	0	0	0.620321918261906	0.232827714115387	0.146850367622706
TCGA.B6.A0WV.01A	Basal	1	0	0	0	0
TCGA.AR.A2LM.01A	Her2	0	0.539065708418891	0	0.460934291581109	0
TCGA.D8.A1JJ.01A	Basal	0.829136253041363	0	0	0	0.170863746958637
TCGA.E2.A1IG.01A	LumA	0	0	0.730025188916877	0	0.269974811083123
TCGA.D8.A1XB.01A	LumA	0	0	0.562458274608709	0	0.437541725391291
TCGA.LL.A9Q3.01A	Basal	0.971186440677966	0.0288135593220339	0	0	0
TCGA.BH.A1FD.01A	Basal	0.688129803586678	0.237346996868773	0	0.0745231995445488	0
TCGA.BH.A0HA.01A	LumB	0	0.361339522546419	0	0.638660477453581	0
TCGA.A2.A0CO.01A	LumB	0	0.485224983210208	0	0.514775016789792	0
TCGA.B6.A0X5.01A	LumB	0	0	0.39095259799453	0.60904740200547	0
TCGA.BH.A0BS.01A	LumA	0	0	0.743579035289204	0.0480963318716503	0.208324632839145
TCGA.AR.A2LE.01A	LumB	0	0.141324074804703	0.338751676793182	0.519924248402115	0
TCGA.AR.A24T.01A	LumB	0	0.2241952865108	0.201049524434241	0.57475518905496	0
TCGA.E2.A572.01A	Her2	0	0.665478615071283	0	0.334521384928717	0
TCGA.PE.A5DC.01A	LumA	0	0	0.644650655021834	0.355349344978166	0
TCGA.BH.A28Q.01A	Basal	0.607536986169341	0.223169967712399	0	0.169293046118259	0
TCGA.E9.A1NA.01A	LumB	0	0	0.0188152464190337	0.981184753580966	0
TCGA.D8.A1JP.01A	LumA	0	0.182861943433212	0.543545225427051	0	0.273592831139737
TCGA.A2.A259.01A	LumA	0	0	0.587595907928389	0	0.412404092071611
TCGA.E2.A1IO.01A	Normal	0	0	0.473641207815275	0	0.526358792184725
TCGA.A1.A0SN.01A	LumB	0	0.042581327691087	0.411372652737371	0.546046019571542	0
TCGA.S3.AA11.01A	Basal	0.59554490707764	0.204429191219323	0	0.200025901703037	0
TCGA.D8.A1XL.01A	LumA	0	0	0.76519397736015	0	0.23480602263985
TCGA.B6.A1KI.01A	LumA	0	0.279891136265232	0.439104348363951	0.281004515370817	0
TCGA.A1.A0SB.01A	LumB	0	0	0.377747989276139	0.622252010723861	0
TCGA.AC.A2FG.01A	LumB	0	0	0.46757488846399	0.53242511153601	0
TCGA.AR.A24M.01A	LumA	0	0	0.613658322353975	0	0.386341677646025
TCGA.3C.AALJ.01A	LumB	0	0.444187425860024	0	0.555812574139976	0
TCGA.AO.A124.01A	LumB	0	0.186477382098171	0	0.813522617901829	0
TCGA.BH.A0BM.01A	LumA	0	0	0.601787551440329	0.398212448559671	0
TCGA.AC.A2FF.01A	Her2	0	0.644193110063144	0	0.355806889936856	0
TCGA.E9.A6HE.01A	LumA	0	0	0.72093179377014	0	0.27906820622986
TCGA.AC.A4ZE.01A	Normal	0	0	0.482525781633655	0	0.517474218366345
TCGA.AO.A0JD.01A	LumB	0	0	0.447827201640815	0.552172798359185	0
TCGA.OL.A66K.01A	LumB	0	0	0.362146202402769	0.637853797597231	0
TCGA.A2.A25B.01A	Her2	0	0.524172879776328	0	0.475827120223672	0
TCGA.AR.A0TW.01A	LumB	0	0.283755685510071	0	0.716244314489929	0
TCGA.B6.A0RM.01A	LumB	0	0	0	1	0
TCGA.A7.A6VV.01A	Basal	1	0	0	0	0
TCGA.A1.A0SH.01A	LumB	0	0	0.399768644529124	0.600231355470876	0
TCGA.A2.A3XX.01A	LumB	0	0	0	1	0
TCGA.BH.A1EN.01A	LumB	0	0	0.26010730024909	0.73989269975091	0
TCGA.A2.A3XW.01A	LumB	0	0.111572839893367	0	0.888427160106633	0
TCGA.B6.A0WT.01A	Basal	1	0	0	0	0
TCGA.EW.A1PC.01B	LumB	0	0	0.222093849982225	0.777906150017775	0
TCGA.A2.A3XT.01A	LumA	0	0	0.52723768018773	0.472762319812269	0
TCGA.A7.A26F.01A	LumA	0	0	0.619579821668499	0	0.380420178331501
TCGA.BH.A1FB.01A	LumB	0	0	0.461918604651163	0.538081395348837	0
TCGA.E9.A5UP.01A	LumB	0	0.466612670986321	0	0.533387329013679	0
TCGA.D8.A1Y3.01A	LumA	0	0	0.575755252261923	0.424244747738077	0
TCGA.BH.A0HF.01A	LumB	0	0.0026544848447435	0.490215445397864	0.507130069757392	0
TCGA.A2.A3XV.01A	LumB	0	0.270970548030322	0	0.729029451969678	0
TCGA.A2.A1G0.01A	LumA	0	0.0915442841431067	0.45785081192987	0.450604903927023	0
TCGA.BH.A1FJ.01A	LumA	0	0	0.535501048894626	0.464498951105374	0
TCGA.AR.A0U3.01A	Basal	0.957529202640934	0.0424707973590655	0	0	0
TCGA.D8.A1XD.01A	LumB	0	0	0.191101454751559	0.808898545248441	0
TCGA.AR.A24Z.01A	LumB	0	0.45196415546525	0	0.54803584453475	0
TCGA.AC.A3HN.01A	LumB	0	0.490704149452129	0	0.509295850547871	0
TCGA.LL.A73Y.01A	LumB	0	0.477358237033056	0	0.522641762966944	0
TCGA.D8.A73W.01A	LumB	0	0.470363017583664	0	0.529636982416336	0
TCGA.D8.A1XT.01A	Basal	0.536416910841356	0	0	0	0.463583089158644
TCGA.EW.A1P5.01A	LumB	0	0.216367062916787	0	0.783632937083212	0
TCGA.EW.A1OY.01A	Basal	0.991911398705824	0	0	0	0.00808860129417621
TCGA.B6.A0RL.01A	LumB	0.155558250955182	0.213293710958821	0	0.631148038085997	0
TCGA.D8.A27W.01A	Her2	0.0331725269806535	0.665887501865022	0	0.300939971154324	0
TCGA.S3.A6ZH.01A	LumA	0	0	0.645664739884393	0.354335260115607	0
TCGA.EW.A1J1.01A	LumA	0	0	0.657764156450671	0	0.342235843549329
TCGA.BH.A6R8.01A	LumB	0	0	0.268418237732317	0.731581762267683	0
TCGA.AR.A24P.01A	LumB	0	0	0.463351716776374	0.536648283223626	0
TCGA.A2.A1FW.01A	Basal	0.861916661823676	0.118498285581449	0	0.0195850525948742	0
TCGA.EW.A2FS.01A	LumB	0	0.486551317341722	0	0.513448682658278	0
TCGA.BH.A0B8.01A	Basal	0.923723228995058	0.0762767710049423	0	0	0
TCGA.AR.A2LN.01A	LumB	0	0	0.366503742171987	0.633496257828013	0
TCGA.AR.A1AS.01A	LumB	0	0.402382480918753	0.079677580426564	0.517939938654683	0
TCGA.B6.A0WW.01A	Basal	0.900965046486995	0.0990349535130046	0	0	0
TCGA.E2.A109.01A	LumB	0	0	0.255466140297601	0.744533859702399	0
TCGA.BH.A0BJ.01A	LumA	0	0	0.811913085201179	0.135513057783261	0.0525738570155597
TCGA.AC.A3OD.01A	LumB	0	0	0.444499211356467	0.555500788643533	0
TCGA.LL.A7T0.01A	LumB	0	0.140189580215238	0.25664599814696	0.603164421637802	0
TCGA.GM.A2DL.01A	Normal	0	0	0.435154445727483	0	0.564845554272517
TCGA.A7.A3J0.01A	LumB	0	0.0624581888949705	0.215228364653652	0.722313446451377	0
TCGA.AC.A62X.01A	Basal	0.727475955289836	0.189186378996621	0	0.083337665713543	0
TCGA.AN.A0XN.01A	LumB	0	0.17074057907755	0	0.82925942092245	0
TCGA.OL.A6VR.01A	LumB	0	0.479335540586825	0	0.520664459413175	0
TCGA.E2.A574.01A	LumB	0	0.338801874928547	0	0.661198125071453	0
TCGA.BH.A0B5.01A	Her2	0	0.56597855839416	0	0.434021441605839	0
TCGA.AC.A5EH.01A	Her2	0	0.632361203330098	0.138056080494407	0.229582716175494	0
TCGA.A7.A4SE.01A	LumB	0	0.172840088708536	0.372434294342472	0.454725616948993	0
TCGA.AR.A0TR.01A	LumB	0	0	0.427162977867203	0.572837022132797	0
TCGA.A2.A3KD.01A	Basal	0.908320848219431	0	0	0	0.0916791517805693
TCGA.AC.A2FK.01A	Basal	0.992801556420233	0	0	0	0.00719844357976654
TCGA.E9.A5FL.01A	Her2	0	0.558461404121551	0	0.441538595878449	0
TCGA.E9.A226.01A	LumA	0	0	0.579418181818182	0.420581818181818	0
TCGA.B6.A0WY.01A	Basal	0.698666244925932	0.128367336180083	0	0.172966418893985	0
TCGA.D8.A27H.01A	LumB	0	0.285934360348292	0	0.714065639651708	0
TCGA.A7.A5ZV.01A	LumB	0	0.374845949276772	0.0114808328468574	0.61367321787637	0
TCGA.A2.A0T2.01A	LumB	0	0.0991232594120681	0.146570397111913	0.754306343476019	0
TCGA.GM.A3NW.01A	LumB	0.0566069689656632	0.421906092552606	0	0.521486938481731	0
TCGA.XX.A89A.01A	LumB	0	0.166964285714286	0	0.833035714285714	0
TCGA.AC.A2QI.01A	LumA	0	0	0.581293037490436	0	0.418706962509564
TCGA.AN.A0XP.01A	LumA	0	0	0.590252293577982	0	0.409747706422018
TCGA.A2.A0SU.01A	LumA	0	0	0.536026200873362	0.463973799126638	0
TCGA.E9.A1RF.01A	LumB	0	0.244532340623546	0	0.755467659376454	0
TCGA.A2.A1G6.01A	Basal	0.700670141474311	0.118735322756172	0	0.180594535769517	0
TCGA.A2.A0YH.01A	LumB	0	0.363512934114621	0	0.636487065885379	0
TCGA.LL.A740.01A	LumA	0	0	0.735453964194373	0	0.264546035805627
TCGA.A2.A4S0.01A	Basal	1	0	0	0	0
TCGA.B6.A0RO.01A	LumB	0	0.404594392921863	0	0.595405607078137	0
TCGA.E9.A54Y.01A	LumB	0	0.0580041786886877	0.00308427022186847	0.938911551089444	0
TCGA.A2.A25E.01A	LumB	0	0.259718938796953	0	0.740281061203047	0
TCGA.D8.A1JI.01A	LumA	0	0	0.600938605939375	0.399061394060625	0
TCGA.EW.A1J3.01A	LumB	0	0.309230556324384	0	0.690769443675616	0
TCGA.GM.A3XG.01A	LumB	0	0	0.37274569402229	0.62725430597771	0
TCGA.EW.A423.01A	LumB	0	0	0.198294419605895	0.801705580394105	0
TCGA.C8.A26Y.01A	Basal	0.985223197724743	0	0	0	0.0147768022752566
TCGA.OL.A97C.01A	LumB	0	0.175226779097994	0	0.824773220902006	0
TCGA.AO.A12C.01A	LumA	0	0	0.723804531422913	0.113984506960219	0.162210961616868
TCGA.D8.A3Z5.01A	LumB	0	0.0973363206372915	0.0677952037175338	0.834868475645175	0
TCGA.D8.A1XA.01A	LumA	0	0	0.539316702819957	0	0.460683297180043
TCGA.A2.A0YJ.01A	LumB	0	0	0.320481702763256	0.679518297236744	0
TCGA.B6.A408.01A	LumB	0	0.126099092812282	0	0.873900907187718	0
TCGA.BH.A0GY.01A	Basal	0.77722690464386	0.177656585688316	0	0.0451165096678235	0
TCGA.AC.A23H.01A	Her2	0	0.53177414313991	0	0.46822585686009	0
TCGA.OL.A5RZ.01A	LumB	0	0.198778892280855	0.116092455298735	0.68512865242041	0
TCGA.B6.A0RG.01A	Basal	0.946413906378319	0.0535860936216808	0	0	0
TCGA.AR.A1AN.01A	LumB	0	0.0470366274152625	0.43543035586494	0.517533016719797	0
TCGA.OL.A5S0.01A	LumA	0	0.426455641062872	0.542616523885582	0.0309278350515464	0
TCGA.BH.A6R9.01A	LumB	0	0.0413096200485044	0	0.958690379951496	0
TCGA.A2.A4S2.01A	LumB	0	0	0.170474910394265	0.829525089605735	0
TCGA.AO.A0JM.01A	LumA	0	0	0.68041958041958	0	0.31958041958042
TCGA.BH.A1EO.01A	LumA	0	0	0.562848668879317	0	0.437151331120684
TCGA.B6.A0RP.01A	LumA	0	0	0.51198318149965	0.175893482831114	0.312123335669236
TCGA.GM.A2DH.01A	Basal	0.87588300904697	0	0	0	0.12411699095303
TCGA.BH.A42V.01A	LumB	0	0	0.383290816326531	0.616709183673469	0
TCGA.AO.A0JG.01A	LumB	0	0	0.451594057753297	0.548405942246703	0
TCGA.C8.A8HQ.01A	LumA	0	0	0.612583250673091	0.361485050304662	0.0259316990222474
TCGA.BH.A8G0.01A	Basal	0.85031185031185	0.106659106659107	0	0.043029043029043	0
TCGA.A2.A4RY.01A	Her2	0.0297409262350832	0.645334817288073	0	0.324924256476844	0
TCGA.D8.A1XO.01A	Basal	0.828936588563002	0.117373969086242	0	0.0536894423507565	0
TCGA.C8.A273.01A	LumB	0	0	0.188612407119406	0.811387592880594	0
TCGA.A2.A0CK.01A	LumB	0	0.277055103884372	0	0.722944896115628	0
TCGA.B6.A0X7.01A	LumB	0	0.272046147725766	0	0.727953852274234	0
TCGA.A7.A3IY.01A	LumB	0	0	0.35411877394636	0.64588122605364	0
TCGA.E9.A1RC.01A	LumA	0	0	0.766355702678303	0.187360818537466	0.0462834787842311
TCGA.B6.A0I1.01A	LumA	0	0	0.646887761415666	0.353112238584334	0
TCGA.EW.A1IW.01A	LumA	0	0	0.575780610454918	0.424219389545082	0
TCGA.A7.A13G.01A	Her2	0.0349855607631492	0.626473512285187	0	0.338540926951664	0
TCGA.E2.A1L9.01A	Basal	1	0	0	0	0
TCGA.LL.A5YP.01A	LumA	0	0	0.52907252330542	0.47092747669458	0
TCGA.A8.A08O.01A	LumB	0	0.042604838034653	0.366702937976061	0.590692223989286	0
TCGA.AC.A3QP.01A	LumB	0	0.21468457591307	0	0.78531542408693	0
TCGA.AR.A251.01A	LumB	0	0.227084062609391	0.0724608691303696	0.700455068260239	0
TCGA.A7.A13E.01A	Normal	0	0	0.469323352414502	0	0.530676647585498
TCGA.HN.A2NL.01A	LumB	0	0.141382732385048	0.308766126364539	0.549851141250414	0
TCGA.AC.A8OR.01A	Basal	0.599469917837265	0.23731778425656	0	0.163212297906175	0
TCGA.V7.A7HQ.01A	LumA	0	0	0.707067632556158	0.14737931454313	0.145553052900712
TCGA.E2.A56Z.01A	LumB	0	0.329811946902655	0	0.670188053097345	0
TCGA.E2.A1IU.01A	LumA	0	0	0.80290442418102	0.181357649442756	0.0157379263762242
TCGA.E9.A1R6.01A	LumB	0	0.0756006171478951	0.113070310778047	0.811329072074058	0
TCGA.LL.A440.01A	Basal	0.457546967026353	0.348437298482438	0	0.194015734491208	0
TCGA.BH.A0DH.01A	LumA	0	0	0.570029108822212	0.429970891177788	0
TCGA.AR.A24X.01A	LumB	0	0.492340854889011	0	0.507659145110989	0
TCGA.D8.A1XY.01A	LumB	0	0.0224348177592131	0.456309371420872	0.521255810819915	0
TCGA.D8.A1XJ.01A	Basal	1	0	0	0	0
TCGA.A2.A1FV.01A	LumB	0	0.0532129866630742	0.188198841438771	0.758588171898154	0
TCGA.B6.A0RV.01A	Basal	1	0	0	0	0
TCGA.OK.A5Q2.01A	LumA	0	0.0637997331868477	0.471709958408538	0.464490308404614	0
TCGA.E2.A570.01A	Basal	0.971853837471783	0	0	0	0.0281461625282167
TCGA.E2.A1LA.01A	LumB	0	0.20440275947601	0.303929927912565	0.491667312611425	0
TCGA.C8.A1HF.01A	LumB	0	0.398854256498706	0	0.601145743501294	0
TCGA.S3.AA0Z.01A	LumB	0	0.32035175879397	0	0.67964824120603	0
TCGA.AR.A0TU.01A	Her2	0	0.658665887460344	0	0.341334112539656	0
TCGA.BH.A0HI.01A	LumB	0	0	0.317244471010161	0.682755528989839	0
TCGA.C8.A1HJ.01A	Basal	0.784347516044687	0.215652483955313	0	0	0
TCGA.BH.A5IZ.01A	LumB	0	0.340437714721975	0	0.659562285278025	0
TCGA.LL.A8F5.01A	LumB	0	0	0.299955985915493	0.700044014084507	0
TCGA.E9.A54X.01A	Basal	1	0	0	0	0
TCGA.D8.A1JM.01A	LumB	0	0.271085807238715	0.239853599023994	0.489060593737292	0
TCGA.AO.A0JB.01A	LumB	0	0.0477657935285054	0.0682020922877301	0.884032114183764	0
TCGA.E2.A1LS.01A	LumA	0	0	0.68543511879657	0.31456488120343	0
TCGA.D8.A1XM.01A	LumA	0	0	0.615859129654554	0	0.384140870345446
TCGA.A7.A2KD.01A	LumB	0	0.0320978456571677	0.239585273483579	0.728316880859254	0
TCGA.S3.AA14.01A	Her2	0	0.362263875720225	0.303478958500474	0.334257165779301	0
TCGA.LL.A6FQ.01A	LumB	0	0.152195756250369	0.419232815178202	0.428571428571429	0
TCGA.AR.A1AP.01A	LumB	0	0.122524457170126	0	0.877475542829874	0
TCGA.AO.A03U.01B	LumA	0	0	0.72253829321663	0.0310722100656455	0.246389496717724
TCGA.BH.A1EY.01A	LumB	0	0.218809821057012	0.0387016229712859	0.742488555971702	0
TCGA.AR.A5QN.01A	LumB	0	0.0950235836557316	0.438867984524882	0.466108431819386	0
TCGA.C8.A3M7.01A	Basal	0.687855229633501	0.203371006728948	0	0.108773763637551	0
TCGA.AC.A3QQ.01A	LumB	0	0	0	1	0
TCGA.B6.A0RE.01A	LumB	0	0.0851329847692657	0	0.914867015230734	0
TCGA.GM.A3XN.01A	LumB	0.0696554836768467	0.353091620279825	0	0.577252896043328	0
TCGA.AC.A5XU.01A	LumB	0	0.0323613798625475	0.335290585173817	0.632348034963635	0
TCGA.D8.A1XK.01A	LumB	0	0.282761599210267	0	0.717238400789733	0
TCGA.AC.A7VC.01A	LumA	0	0	0.757031493607733	0.0296227003429997	0.213345806049267
TCGA.S3.AA12.01A	LumA	0	0.0635392400996064	0.681741505341795	0.254719254558599	0
TCGA.BH.A0AU.01A	LumB	0	0.316886402983087	0	0.683113597016913	0
TCGA.A7.A13F.01A	LumB	0	0.0634111929769556	0	0.936588807023044	0
TCGA.A2.A3KC.01A	LumB	0	0.0861652860217859	0.352292740199596	0.561541973778619	0
TCGA.AO.A0JE.01A	LumB	0	0.144249008449733	0	0.855750991550267	0
TCGA.D8.A1Y1.01A	LumB	0	0	0.412846481876333	0.587153518123667	0
TCGA.EW.A1P3.01A	LumB	0	0	0.450742950742951	0.549257049257049	0
TCGA.OL.A6VO.01A	LumB	0	0	0.46983278745044	0.53016721254956	0
TCGA.EW.A1OX.01A	LumB	0	0.114991241453354	0.398316098773803	0.486692659772843	0
TCGA.EW.A1IY.01A	LumA	0	0	0.680800688764529	0.319199311235471	0
TCGA.E2.A14U.01A	LumB	0	0.218826325169978	0.0617202455607631	0.719453429269259	0
TCGA.BH.A0E1.01A	LumB	0	0.49742128121607	0	0.50257871878393	0
TCGA.A1.A0SJ.01A	LumB	0	0.0685234593609683	0.166265373853062	0.76521116678597	0
TCGA.A7.A4SA.01A	LumA	0	0	0.869353560511717	0.107438016528926	0.023208422959357
TCGA.OL.A66O.01A	Basal	0.954058104680655	0.0459418953193452	0	0	0
TCGA.E9.A244.01A	Her2	0	0.584331550802139	0	0.415668449197861	0
TCGA.E2.A573.01A	LumB	0	0.151169817836485	0.387205387205387	0.461624794958128	0
TCGA.E2.A1LK.01A	LumA	0	0	0.770422970052485	0.1497375733251	0.0798394566224143
TCGA.OL.A5RV.01A	Her2	0	0.518473320989732	0	0.481526679010268	0
TCGA.LL.A5YL.01A	Her2	0	0.550154035736291	0	0.449845964263709	0
TCGA.BH.A1EV.01A	LumB	0	0.0102389078498294	0.397800530906333	0.591960561243838	0
TCGA.BH.A0AZ.01A	LumB	0	0.463503949967084	0	0.536496050032916	0
TCGA.E9.A228.01A	LumB	0	0	0.46901183668041	0.53098816331959	0
TCGA.A7.A5ZW.01A	Basal	0.842918066683898	0.157081933316102	0	0	0
TCGA.B6.A2IU.01A	LumB	0	0.350991210024313	0	0.649008789975687	0
TCGA.A7.A6VW.01A	LumA	0	0	0.590532193925036	0	0.409467806074964
TCGA.BH.A1FL.01A	Basal	0.562752632366885	0.209441588901642	0	0.227805778731474	0
TCGA.D8.A27F.01A	LumB	0	0.323189522342065	0	0.676810477657935	0
TCGA.E9.A1N9.01A	LumB	0	0	0.458972845336482	0.541027154663518	0
TCGA.AO.A1KR.01A	LumA	0	0	0.507206341580591	0	0.492793658419409
TCGA.A2.A3Y0.01A	LumB	0	0.37947562947563	0	0.62052437052437	0
TCGA.BH.A1FH.01A	LumB	0	0	0.345106761565836	0.654893238434164	0
TCGA.D8.A4Z1.01A	LumB	0	0.317812377594986	0	0.682187622405014	0
TCGA.A7.A0D9.01A	LumB	0.217170290878283	0.312623552668738	0	0.470206156452979	0
TCGA.AN.A0XR.01A	LumB	0	0	0.357335490830636	0.642664509169363	0
TCGA.C8.A1HN.01A	Her2	0.0695314831393614	0.814980602805133	0	0.115487914055506	0
TCGA.EW.A1OW.01A	LumA	0	0	0.525950512975256	0	0.474049487024744
TCGA.A2.A0SX.01A	LumB	0.0175046234570556	0.453012773644144	0	0.5294826028988	0
TCGA.BH.A5J0.01A	LumB	0	0.166114631336406	0	0.833885368663594	0
TCGA.BH.A0B3.01A	Normal	0	0	0.448305611153289	0	0.551694388846711
TCGA.AO.A12B.01A	LumA	0	0	0.708891072086455	0.291108927913545	0
TCGA.GM.A5PX.01A	LumB	0	0.305302848934642	0	0.694697151065358	0
TCGA.GI.A2C9.01A	Normal	0	0	0.457838527137961	0	0.542161472862039
TCGA.EW.A1J2.01A	LumA	0	0	0.53622199020159	0	0.46377800979841
TCGA.A1.A0SP.01A	Basal	0.915363385464581	0.0225744816361192	0	0.0620621328992994	0
TCGA.E9.A22E.01A	LumB	0	0.245698554714384	0.158480885941313	0.595820559344303	0
TCGA.D8.A1X5.01A	LumB	0	0.112921212121212	0.391321212121212	0.495757575757576	0
TCGA.3C.AALI.01A	Basal	1	0	0	0	0
TCGA.A7.A4SC.01A	LumB	0	0	0.244876382563435	0.755123617436565	0
TCGA.AC.A7VB.01A	Normal	0	0	0.418663366336634	0	0.581336633663366
TCGA.AC.A3W7.01A	LumA	0	0	0.605319780382846	0	0.394680219617154
TCGA.AC.A6NO.01A	LumB	0	0.0216732696341179	0.400761283306145	0.577565447059737	0
TCGA.A7.A6VX.01A	LumB	0	0.0178559833777027	0.38653334199078	0.595610674631518	0
TCGA.E2.A1L8.01A	Her2	0	0.629324198595957	0	0.370675801404043	0
TCGA.EW.A1PH.01A	LumB	0	0.117832436587241	0	0.882167563412759	0
TCGA.E2.A1LG.01A	LumA	0	0	0.551753427982041	0.404198519597136	0.0440480524208227
TCGA.AR.A256.01A	Basal	0.713611961266369	0.150870503236165	0	0.135517535497466	0
TCGA.BH.A0HN.01A	Her2	0	0.651635095655452	0	0.348364904344548	0
TCGA.E2.A576.01A	LumB	0	0.444656637306103	0	0.555343362693897	0
TCGA.D8.A27N.01A	LumB	0	0.233691642955001	0	0.766308357045	0
TCGA.AO.A0JL.01A	LumB	0	0.0359102724559546	0.104264946567825	0.85982478097622	0
TCGA.AC.A8OS.01A	LumB	0	0.379603215767635	0	0.620396784232365	0
TCGA.C8.A27B.01A	LumB	0	0.383801796580701	0	0.616198203419299	0
TCGA.AR.A0U2.01A	Her2	0.168211546605185	0.455041641180069	0	0.376746812214746	0
TCGA.BH.A0DK.01A	LumB	0	0.192103264996203	0.079220450518856	0.72867628448494	0
TCGA.E9.A1R0.01A	LumB	0	0.276614832535885	0	0.723385167464115	0
TCGA.BH.A0DP.01A	LumB	0	0.243727410821853	0.0337855534021267	0.72248703577602	0
TCGA.W8.A86G.01A	Her2	0	0.652533730781299	0	0.347466269218701	0
TCGA.A2.A3XS.01A	LumB	0	0.308922558922559	0	0.691077441077441	0
TCGA.AR.A2LJ.01A	Basal	0.70364192382541	0.204448151237142	0	0.0919099249374479	0
TCGA.A1.A0SG.01A	Her2	0	0.630178571428571	0	0.369821428571429	0
TCGA.D8.A1XC.01A	LumB	0	0.105845309220087	0	0.894154690779913	0
TCGA.A2.A4RX.01A	LumB	0	0.456622359363874	0	0.543377640636126	0
TCGA.EW.A1P8.01A	LumB	0.251043785461942	0.206723048924098	0	0.54223316561396	0
TCGA.3C.AALK.01A	LumB	0	0.353909256633583	0	0.646090743366417	0
TCGA.C8.A26Z.01A	Her2	0	0.589954453441296	0	0.410045546558704	0
TCGA.E2.A10E.01A	Her2	0	0.707498383968972	0	0.292501616031028	0
TCGA.D8.A1JH.01A	LumB	0	0.203965474105579	0	0.796034525894421	0
TCGA.C8.A8HR.01A	LumB	0	0.368714211348256	0	0.631285788651744	0
TCGA.E9.A3Q9.01A	LumB	0	0.25639964528525	0.0354123558971327	0.708187998817618	0
TCGA.GM.A2DC.01A	Her2	0	0.553352098259979	0	0.44664790174002	0
TCGA.BH.A0GZ.01A	LumA	0	0	0.853584489063686	0.0995653073897744	0.0468502035465397
TCGA.E2.A106.01A	LumB	0	0	0.380762411347518	0.619237588652482	0
TCGA.AO.A03M.01B	LumB	0	0.398271679805943	0	0.601728320194057	0
TCGA.GM.A2DA.01A	Basal	0.959764405336361	0.040235594663639	0	0	0
TCGA.AC.A6IV.01A	LumA	0	0.0487235886156102	0.533959874691728	0.417316536692661	0
TCGA.A2.A0YG.01A	LumB	0	0.248601724539734	0	0.751398275460266	0
TCGA.D8.A1JS.01A	LumA	0	0.00637019959958745	0.588303100163805	0.405326700236607	0
TCGA.AR.A1AL.01A	LumB	0	0.121163166397415	0.152827140549273	0.726009693053312	0
TCGA.C8.A3M8.01A	LumB	0	0.322084451830074	0.0773360603349099	0.600579487835016	0
TCGA.E2.A1BD.01A	LumB	0	0	0.325294829150287	0.674705170849713	0
TCGA.OL.A5D8.01A	LumB	0	0.152387986213688	0	0.847612013786312	0
TCGA.A1.A0SE.01A	LumB	0	0	0.310936329588015	0.689063670411985	0
TCGA.D8.A1X6.01A	LumB	0	0.380528034538108	0.0742237228095423	0.54524824265235	0
TCGA.D8.A27P.01A	LumB	0	0.166739453227356	0.361516289632282	0.471744257140362	0
TCGA.B6.A1KN.01A	LumA	0	0	0.654050024846778	0.345949975153222	0
TCGA.BH.A0AW.01A	LumB	0	0	0.474142776840922	0.525857223159078	0
TCGA.A7.A4SF.01A	LumB	0	0.321750688312921	0.102250071204785	0.575999240482294	0
TCGA.D8.A27T.01A	LumB	0	0.172621063325432	0	0.827378936674568	0
TCGA.AR.A24H.01A	LumA	0	0	0.767789847040568	0	0.232210152959432
TCGA.AO.A129.01A	Her2	0	0.612797735259664	0	0.387202264740336	0
TCGA.E9.A5UO.01A	Basal	0.654034774855105	0.212463466587408	0	0.133501758557487	0
TCGA.E9.A1N6.01A	LumB	0	0.428498420367961	0	0.571501579632039	0
TCGA.OL.A5D7.01A	LumB	0	0.33978590544157	0	0.66021409455843	0
TCGA.E2.A1LB.01A	LumB	0	0	0.481984829329962	0.518015170670038	0
TCGA.EW.A6SB.01A	Basal	0.875237853609032	0.124762146390968	0	0	0
TCGA.E9.A1R5.01A	LumB	0	0.119572014173557	0.22517890641284	0.655249079413604	0
TCGA.D8.A3Z6.01A	Her2	0	0.687257774836941	0	0.312742225163059	0
TCGA.A7.A5ZX.01A	LumA	0	0	0.528002018163471	0.471997981836529	0
TCGA.E2.A15I.01A	LumB	0	0	0.338245432609445	0.661754567390555	0
TCGA.EW.A3E8.01B	Basal	0.746998187584957	0	0	0	0.253001812415043
TCGA.A2.A0SY.01A	LumA	0	0	0.716500439253785	0.160560177768591	0.122939382977624
TCGA.GM.A3NY.01A	LumB	0	0.416695712791914	0	0.583304287208086	0
TCGA.Z7.A8R5.01A	LumB	0	0.128983711048159	0	0.871016288951841	0
TCGA.E2.A1IK.01A	LumB	0	0.376547987616099	0	0.623452012383901	0
TCGA.AC.A2BK.01A	LumB	0.166193257945227	0.31818425424728	0	0.515622487807492	0
TCGA.GM.A2DM.01A	LumA	0	0	0.735127731793009	0.164771035550527	0.100101232656464
TCGA.B6.A402.01A	Basal	0.9323559023408	0.0676440976591996	0	0	0
TCGA.JL.A3YX.01A	LumB	0	0.478129819150428	0	0.521870180849572	0
TCGA.E2.A1IF.01A	Basal	0.903332881723344	0.0966671182766563	0	0	0
TCGA.OL.A66H.01A	LumA	0	0	0.724631173829378	0.275368826170622	0
TCGA.A2.A0YI.01A	LumA	0	0	0.858301439766721	0.141698560233279	0
TCGA.AQ.A04L.01B	Her2	0	0.523162880189447	0	0.476837119810553	0
TCGA.A8.A075.01A	LumA	0	0	0.734016443735428	0	0.265983556264572
TCGA.BH.A0WA.01A	LumB	0	0.434270595559245	0	0.565729404440755	0
TCGA.A7.A3RF.01A	LumB	0	0	0.371868583162218	0.628131416837782	0
TCGA.A2.A25C.01A	LumA	0	0	0.705357142857143	0	0.294642857142857
TCGA.BH.A1EX.01A	LumB	0	0.42057077913878	0	0.57942922086122	0
TCGA.E2.A1B0.01A	LumA	0	0	0.566678700361011	0	0.433321299638989
TCGA.E2.A10C.01A	LumA	0	0	0.75473136915078	0.211785095320624	0.0334835355285962
TCGA.BH.A1FM.01A	LumA	0	0	0.523614322752435	0	0.476385677247565
TCGA.PL.A8LY.01A	LumB	0	0.204036026274802	0.118033452969459	0.677930520755739	0
TCGA.AR.A5QM.01A	LumA	0	0.0117408665593897	0.571130579891531	0.417128553549079	0
TCGA.D8.A1JA.01A	LumB	0	0	0.091779497098646	0.908220502901354	0
TCGA.OL.A5RX.01A	LumB	0	0	0.446956628881222	0.553043371118778	0
TCGA.A2.A0T7.01A	LumB	0	0.280654988575781	0	0.719345011424219	0
TCGA.E9.A24A.01A	LumB	0	0.385574480097864	0	0.614425519902136	0
TCGA.UU.A93S.01A	LumB	0	0.0414089222036242	0.117385925332945	0.841205152463431	0
TCGA.4H.AAAK.01A	LumB	0	0.350017521317603	0	0.649982478682397	0
TCGA.A1.A0SO.01A	LumB	0	0.128383383668585	0.198928713886831	0.672687902444584	0
TCGA.AR.A24W.01A	LumB	0	0	0.278484673221515	0.721515326778485	0
TCGA.AC.A3TM.01A	LumA	0	0	0.524652381272251	0	0.475347618727749
TCGA.AQ.A54N.01A	LumA	0	0	0.679596688974991	0	0.320403311025009
TCGA.D8.A27E.01A	LumB	0	0	0.375529661016949	0.624470338983051	0
TCGA.AO.A12G.01A	Basal	0.640026588945135	0.259600143171243	0	0.100373267883622	0
TCGA.B6.A0RU.01A	Her2	0.238443208895949	0.634207042626423	0	0.127349748477628	0
TCGA.E9.A1N4.01A	Her2	0	0.757985877605918	0	0.242014122394082	0
TCGA.BH.A0B9.01A	LumA	0	0	0.727260869565217	0	0.272739130434783
TCGA.BH.A1F2.01A	LumA	0	0	0.692752352096954	0	0.307247647903046
TCGA.WT.AB44.01A	LumB	0	0	0.392049302451578	0.607950697548422	0
TCGA.AR.A0TQ.01A	LumB	0	0.128181024642449	0.157053649365474	0.714765325992077	0
TCGA.A7.A26J.01A	LumB	0	0.105903696424522	0.165469801194346	0.728626502381132	0
TCGA.BH.A0H3.01A	LumB	0	0	0.233449074074074	0.766550925925926	0
TCGA.BH.A8FY.01A	LumA	0	0	0.797000569512118	0.00828956527241663	0.194709865215465
TCGA.E2.A9RU.01A	LumB	0	0	0.470941176470588	0.529058823529412	0
TCGA.BH.A42T.01A	LumA	0	0	0.813915857605178	0.186084142394822	0
TCGA.D8.A1XF.01A	LumB	0	0.124398822769363	0.264374416768358	0.611226760462278	0
TCGA.GM.A2D9.01A	LumA	0	0	0.835340984539505	0.122071516646116	0.0425874988143792
TCGA.D8.A1JE.01A	LumA	0	0	0.643111671509237	0.160243407707911	0.196644920782852
TCGA.AO.A03L.01A	LumA	0	0	0.630854271356784	0.369145728643216	0
TCGA.AR.A24O.01A	LumB	0.0815080205195017	0.243709795619249	0	0.674782183861249	0
TCGA.GM.A3XL.01A	LumB	0	0.0199223473999109	0.344408376296862	0.635669276303227	0
TCGA.AN.A0XL.01A	LumB	0	0.152557254701105	0.203921855564498	0.643520889734397	0
TCGA.B6.A401.01A	LumB	0	0.221654515184569	0.132786038234112	0.645559446581319	0
TCGA.A7.A26E.01A	Her2	0	0.680309944856437	0	0.319690055143563	0
TCGA.E9.A1R3.01A	Her2	0	0.705184727978132	0	0.294815272021868	0
TCGA.D8.A1JT.01A	Basal	1	0	0	0	0
TCGA.D8.A1JC.01A	Basal	0.771250828616593	0.16067513130386	0	0.0680740400795472	0
TCGA.D8.A1X7.01A	Basal	0.806576507798015	0	0	0	0.193423492201985
TCGA.C8.A275.01A	Basal	0.918375995931514	0.0816240040684862	0	0	0
TCGA.E9.A1N3.01A	Basal	0.808052218114603	0	0	0	0.191947781885397
TCGA.E9.A229.01A	LumB	0	0.294165025953105	0	0.705834974046895	0
TCGA.D8.A1Y0.01A	LumB	0	0.185166593461756	0.129321704210328	0.685511702327916	0
TCGA.OL.A5RW.01A	LumB	0	0.0617161482321264	0.1124495146319	0.825834337135974	0
TCGA.BH.A0DQ.01A	LumB	0	0.227314716123073	0.206849996447097	0.56583528742983	0
TCGA.C8.A1HL.01A	LumA	0	0	0.675526924760773	0.103508662205266	0.220964413033961
TCGA.A2.A3XU.01A	Basal	0.671400698761287	0.206225327827941	0	0.122373973410772	0
TCGA.E2.A10F.01A	Basal	0.88951447791752	0	0	0	0.11048552208248
TCGA.AN.A0XT.01A	LumB	0	0.15827648734997	0.0323806234349365	0.809342889215094	0
TCGA.EW.A1OZ.01A	LumB	0	0.44336552023435	0	0.55663447976565	0
TCGA.A7.A3J1.01A	LumB	0	0	0.381475310511966	0.618524689488034	0
TCGA.MS.A51U.01A	LumB	0	0.0906590257879656	0.0551289398280802	0.854212034383954	0
TCGA.AC.A2B8.01A	LumB	0	0.0833889259506338	0.0673782521681121	0.849232821881254	0
TCGA.LL.A50Y.01A	LumB	0	0.44447251414713	0	0.55552748585287	0
TCGA.GM.A2DB.01A	Basal	0.88663945278023	0	0	0	0.113360547219771
TCGA.A2.A0YC.01A	LumB	0.240436148586213	0.325940984414464	0	0.433622866999322	0
TCGA.AN.A0XU.01A	LumB	0	0.215264886477224	0	0.784735113522776	0
TCGA.JL.A3YW.01A	LumA	0	0.100689815083184	0.519332212625355	0.379977972291461	0
TCGA.BH.A204.01A	LumB	0	0.187199906312215	0	0.812800093687785	0
TCGA.B6.A0RS.01A	LumB	0	0	0.475371447028424	0.524628552971576	0
TCGA.AC.A62Y.01A	LumB	0	0	0.00409020561574176	0.995909794384258	0
TCGA.E9.A1RB.01A	LumA	0	0	0.670667632937766	0	0.329332367062234
TCGA.BH.A0W4.01A	LumB	0	0.0143658671927986	0.379369874838153	0.606264257969049	0
TCGA.E9.A3X8.01A	LumB	0	0.30966417168974	0.139034245214281	0.551301583095979	0
TCGA.A2.A0T6.01A	LumB	0	0.0923156647912348	0	0.907684335208765	0
TCGA.A2.A0T0.01A	LumA	0	0	0.529822444406137	0.470177555593863	0
TCGA.B6.A0WZ.01A	LumB	0.218958010109604	0.262999849857364	0	0.518042140033031	0
TCGA.AN.A0XS.01A	LumB	0	0	0.30970583347183	0.69029416652817	0
TCGA.A1.A0SQ.01A	LumB	0	0.0230525118256392	0.318603676426561	0.6583438117478	0
TCGA.OL.A66J.01A	LumB	0	0.223600641063691	0.00480797768148632	0.771591381254823	0
TCGA.BH.AB28.01A	LumB	0	0.357254179654293	0	0.642745820345707	0
TCGA.EW.A6SC.01A	LumB	0	0.244685442969677	0	0.755314557030323	0
TCGA.E2.A1LL.01A	Her2	0.278013487561967	0.450761466660712	0	0.271225045777321	0
TCGA.A2.A0YD.01A	LumA	0	0.163746994455076	0.480641837185338	0.355611168359586	0
TCGA.D8.A1X9.01A	LumB	0	0.367593305117353	0	0.632406694882647	0
TCGA.D8.A1XZ.01A	LumB	0	0.0140906134836332	0.295324806705687	0.69058457981068	0
TCGA.AO.A12E.01A	LumB	0	0.282997149747862	0	0.717002850252138	0
TCGA.AR.A1AU.01A	LumB	0	0.339265582219359	0	0.660734417780641	0
TCGA.E2.A1IE.01A	LumB	0	0.0471331389698737	0	0.952866861030126	0
TCGA.A2.A0T5.01A	LumB	0	0.185645869362778	0	0.814354130637222	0
TCGA.D8.A1XG.01A	Basal	0.830693124339948	0.0810961036073592	0	0.088210772052693	0
TCGA.AR.A24L.01A	LumB	0	0.0761983100276677	0.0754505346593883	0.848351155312944	0
TCGA.A2.A0CT.01A	Basal	0.949922839506173	0	0	0	0.0500771604938272
TCGA.D8.A1XQ.01A	LumB	0	0	0.477880658436214	0.522119341563786	0
TCGA.E2.A15J.01A	LumB	0	0.148582855155625	0	0.851417144844375	0
TCGA.LD.A66U.01A	LumB	0	0	0.243131604226705	0.756868395773295	0
TCGA.BH.A0H7.01A	LumB	0	0.0512068036174163	0.408516499970055	0.540276696412529	0
TCGA.BH.A0E0.01A	LumA	0	0	0.656034148234381	0.245634458672875	0.0983313930927435
TCGA.AO.A1KP.01A	LumB	0	0.334319208431921	0	0.665680791568079	0
TCGA.B6.A0RN.01A	LumB	0	0.247826086956522	0	0.752173913043478	0
TCGA.AR.A1AY.01A	LumA	0	0	0.688603150502942	0	0.311396849497058
TCGA.E9.A1RD.01A	LumA	0	0	0.637205387205387	0.362794612794613	0
TCGA.AR.A254.01A	LumB	0	0.0766617771944723	0.172855709102139	0.750482513703389	0
TCGA.D8.A27L.01A	LumB	0	0.301578177257525	0	0.698421822742475	0
TCGA.S3.AA10.01A	Basal	0.637633469881136	0.287354778053858	0	0.0750117520650057	0
TCGA.E9.A1RE.01A	LumB	0	0.0802006834872391	0.166436413873337	0.753362902639424	0
TCGA.BH.A0BT.01A	LumA	0	0.121168658698539	0.481115537848606	0.397715803452855	0
TCGA.D8.A1J8.01A	LumB	0	0.335770830538038	0	0.664229169461962	0
TCGA.AC.A3YI.01A	LumB	0	0.217817255567892	0.163477238586637	0.618705505845471	0
TCGA.BH.A8FZ.01A	LumA	0	0	0.883465733135856	0	0.116534266864144
TCGA.AR.A0TV.01A	LumB	0	0.318919227693362	0	0.681080772306638	0
TCGA.E9.A1RH.01A	LumB	0	0	0.481166219839142	0.518833780160858	0
TCGA.AO.A1KT.01A	LumA	0	0	0.679115457850095	0	0.320884542149905
TCGA.A2.A4S3.01A	LumB	0	0.353541288323897	0	0.646458711676103	0
TCGA.E9.A22B.01A	LumB	0	0	0.377992551870899	0.622007448129101	0
TCGA.EW.A1P4.01A	LumB	0	0.18560036111947	0	0.81439963888053	0
TCGA.BH.A1FC.01A	Basal	1	0	0	0	0
TCGA.D8.A1JD.01A	LumB	0	0.0510713031260976	0.143238496663154	0.805690200210748	0
TCGA.B6.A409.01A	LumB	0	0.194195202343893	0	0.805804797656107	0
TCGA.LL.A6FR.01A	Her2	0	0.582415509957755	0	0.417584490042245	0
TCGA.A2.A0SW.01A	LumB	0	0.308720219914478	0	0.691279780085522	0
TCGA.A7.A3IZ.01A	LumB	0	0.311238647830474	0	0.688761352169526	0
TCGA.E9.A22H.01A	Basal	0.993320479272828	0.00667952072717257	0	0	0
TCGA.A1.A0SI.01A	LumB	0	0.10075972680531	0.134371882434195	0.764868390760494	0
TCGA.OL.A5RU.01A	LumB	0	0.188987979837146	0.228693291973633	0.582318728189221	0
TCGA.B6.A0X1.01A	Basal	0.841631847725163	0.158368152274838	0	0	0
TCGA.A2.A1FZ.01A	LumB	0	0	0	1	0
TCGA.E9.A3HO.01A	LumB	0.109656172815306	0.418904614419571	0	0.471439212765123	0
TCGA.AC.A3TN.01A	LumA	0	0.0492573634303936	0.656960644457498	0.293781992112109	0
TCGA.EW.A1P0.01A	Normal	0	0	0.498772138711118	0	0.501227861288882
TCGA.E2.A10B.01A	Basal	0.843819275836588	0.156180724163412	0	0	0
TCGA.E2.A2P6.01A	LumB	0	0.131937487477459	0	0.868062512522541	0
TCGA.XX.A899.01A	LumB	0	0.315536205316224	0	0.684463794683776	0
TCGA.E9.A1N5.01A	LumB	0	0.176019453797232	0	0.823980546202768	0
TCGA.AC.A3EH.01A	LumA	0	0.2006399680016	0.44352782360882	0.35583220838958	0
TCGA.E9.A249.01A	LumB	0	0.287803376263533	0.124634409153882	0.587562214582585	0
TCGA.BH.A0DS.01A	LumA	0	0	0.543135683760684	0.456864316239316	0
TCGA.S3.A6ZF.01A	Her2	0	0.611827783600742	0	0.388172216399258	0
TCGA.BH.A0HP.01A	Basal	0.97287307354968	0.0271269264503195	0	0	0
TCGA.B6.A40C.01A	LumB	0	0.0736036036036036	0	0.926396396396396	0
TCGA.PL.A8LX.01A	Her2	0	0.670609026644916	0	0.329390973355084	0
TCGA.A2.A3XZ.01A	LumA	0	0	0.63725152740728	0	0.36274847259272
TCGA.E9.A295.01A	Basal	0.86257212605415	0	0	0	0.13742787394585
TCGA.C8.A26W.01A	LumB	0	0.184385871808479	0.358570670440474	0.457043457751047	0
TCGA.AO.A0JJ.01A	Her2	0	0.510921758779776	0	0.489078241220224	0
TCGA.BH.A1FR.01A	Her2	0.182442080051587	0.504398691907328	0	0.313159228041085	0
TCGA.B6.A0RI.01A	LumA	0	0	0.717316599432243	0.0817271776482892	0.200956222919468
TCGA.A2.A0EU.01A	Her2	0.148895708173056	0.465444958291913	0	0.38565933353503	0
TCGA.E9.A245.01A	LumB	0	0.0760533654933293	0.168915353885581	0.75503128062109	0
TCGA.AQ.A1H3.01A	LumB	0	0.491662289915966	0	0.508337710084034	0
TCGA.AQ.A04H.01B	LumA	0	0	0.685306198655713	0.314693801344287	0
TCGA.BH.A0HY.01A	LumA	0	0	0.540779283639884	0.459220716360116	0
TCGA.EW.A1PF.01A	LumB	0	0	0.213863143364228	0.786136856635772	0
TCGA.A2.A0YE.01A	Normal	0	0	0.47975152721532	0	0.52024847278468
TCGA.B6.A40B.01A	Basal	0.683678569445216	0.202199144777031	0	0.114122285777753	0
TCGA.AO.A125.01A	LumA	0	0	0.632015306122449	0	0.367984693877551
TCGA.BH.A42U.01A	LumA	0	0	0.670783107139847	0	0.329216892860153
TCGA.A7.A13H.01A	LumA	0	0	0.743423507462687	0	0.256576492537313
TCGA.BH.A0BC.01A	Basal	1	0	0	0	0
TCGA.BH.A0BA.01A	Her2	0.114540907466952	0.649446230796713	0	0.236012861736334	0
TCGA.E9.A2JS.01A	LumB	0	0.124618275781066	0	0.875381724218934	0
TCGA.A8.A0A6.01A	LumA	0	0	0.706015086067952	0.116626909934885	0.177358003997163
TCGA.E9.A1RA.01A	LumA	0	0	0.531848504411448	0.468151495588552	0
TCGA.A1.A0SF.01A	LumA	0	0	0.513603256212511	0.486396743787489	0
TCGA.AC.A3W5.01A	LumA	0	0	0.519619102306441	0	0.480380897693559
TCGA.EW.A1PA.01A	LumB	0	0	0.392894384030985	0.607105615969015	0
TCGA.BH.A1ET.01A	LumB	0	0.0500943650579671	0.404044216770019	0.545861418172014	0
TCGA.E9.A227.01A	Her2	0	0.56269592476489	0	0.43730407523511	0
TCGA.BH.A0E2.01A	LumB	0	0.371297939129248	0	0.628702060870752	0
TCGA.5T.A9QA.01A	Basal	0.805011416897008	0.194988583102992	0	0	0
TCGA.AR.A24N.01A	LumA	0	0.0812292358803987	0.609025470653378	0.256201550387597	0.0535437430786268
TCGA.AR.A2LK.01A	LumB	0	0.162044348979721	0.310379682860572	0.527575968159707	0
TCGA.D8.A73X.01A	Basal	1	0	0	0	0
TCGA.B6.A0X4.01A	Basal	0.821501401988274	0	0	0	0.178498598011726
TCGA.OL.A5DA.01A	Her2	0	0.686921364115786	0	0.313078635884214	0
TCGA.LQ.A4E4.01A	LumB	0	0.355253878702398	0	0.644746121297602	0
TCGA.A7.A425.01A	Basal	0.917612137203166	0	0	0	0.0823878627968338
TCGA.BH.A0HK.01A	LumB	0	0.155480680397804	0.375794793761209	0.468724525840987	0
TCGA.AO.A126.01A	LumB	0	0.164309591154538	0.0892260221136539	0.746464386731808	0
TCGA.D8.A1X8.01A	LumA	0	0	0.642972945587192	0	0.357027054412808
TCGA.AO.A0JA.01A	LumB	0	0.427266849846452	0	0.572733150153548	0
TCGA.5L.AAT0.01A	Her2	0	0.760956175298805	0.197875166002656	0	0.0411686586985392
TCGA.AC.A3YJ.01A	Basal	0.61304369841511	0.221732745961821	0	0.16522355562307	0
TCGA.EW.A1J6.01A	LumB	0	0	0.315860405731309	0.684139594268691	0
TCGA.E9.A1RG.01A	LumA	0	0	0.748419120146869	0.0365132249949004	0.215067654858231
TCGA.A7.A13D.01A	LumA	0	0	0.760724447362661	0	0.239275552637339
TCGA.BH.A202.01A	LumA	0	0	0.59098125188993	0	0.40901874811007
TCGA.WT.AB41.01A	Basal	0.984802784222738	0	0	0	0.0151972157772622
TCGA.BH.A0HX.01A	LumA	0	0	0.579448989041519	0	0.420551010958481
TCGA.C8.A27A.01A	Her2	0	0.661011045875211	0	0.338988954124789	0
TCGA.A2.A25D.01A	Basal	0.860814377277868	0.139185622722131	0	0	0
TCGA.BH.A201.01A	LumB	0	0.010811956752173	0.388170447318211	0.601017595929616	0
TCGA.AR.A5QP.01A	LumA	0	0	0.759952465834819	0.130917013269954	0.109130520895227
TCGA.BH.A0W3.01A	LumA	0	0	0.583655404563022	0.416344595436978	0
TCGA.AR.A24V.01A	LumA	0	0	0.698270459957388	0	0.301729540042612
TCGA.AC.A23C.01A	LumA	0	0	0.614917915774447	0	0.385082084225553
TCGA.E9.A1N8.01A	LumB	0	0.267705382436261	0	0.732294617563739	0
TCGA.AN.A0XV.01A	Basal	0.750464363424083	0.116064320967999	0	0.133471315607918	0
TCGA.A2.A1FX.01A	LumA	0	0	0.634984984984985	0	0.365015015015015
TCGA.AR.A2LO.01A	LumB	0	0	0	1	0
TCGA.D8.A27V.01A	LumB	0	0.286322072644145	0	0.713677927355855	0
TCGA.A2.A0YF.01A	LumB	0	0.0481166259374737	0.195247324513356	0.75663604954917	0
TCGA.BH.A0H6.01A	Basal	0.829133977066989	0.170866022933011	0	0	0
TCGA.OL.A66L.01A	LumA	0	0.153238546603475	0.462407114855772	0.384354338540752	0
TCGA.A8.A0AD.01A	Normal	0.223695317543076	0	0.1650032275684	0	0.611301454888525
TCGA.PE.A5DD.01A	LumB	0	0.248247978436658	0	0.751752021563342	0
TCGA.E2.A105.01A	LumB	0	0	0.210153583617747	0.789846416382253	0
TCGA.A2.A0T4.01A	LumB	0	0.263208971317662	0	0.736791028682338	0
TCGA.Z7.A8R6.01A	Basal	1	0	0	0	0
TCGA.A2.A0YL.01A	Basal	1	0	0	0	0
TCGA.C8.A1HE.01A	LumB	0	0	0.450496474312851	0.549503525687149	0
TCGA.E9.A1NH.01A	LumB	0	0.156843856730011	0.346352570277607	0.496803572992381	0
TCGA.A7.A26I.01A	Her2	0	0.561695890559687	0.223060637316107	0.215243472124206	0
TCGA.E2.A1IL.01A	Her2	0	0.522899300565297	0	0.477100699434703	0
TCGA.AC.A2FM.01A	Her2	0.0601250168637856	0.580608895084769	0	0.359266088051446	0
TCGA.B6.A1KF.01A	LumA	0	0.0998163789937569	0.627763496143959	0.272420124862284	0
TCGA.AO.A0JF.01A	LumA	0	0	0.54990115208944	0	0.45009884791056
TCGA.A2.A04R.01A	LumB	0	0.0411618942731278	0	0.958838105726872	0
TCGA.D8.A1XW.01A	LumA	0	0	0.643576054612288	0	0.356423945387712
TCGA.E2.A1AZ.01A	LumA	0	0.253910950661853	0.644490287089565	0.101598762248582	0
TCGA.C8.A26V.01A	LumB	0	0	0.440104166666667	0.559895833333333	0
TCGA.AR.A0TP.01A	Normal	0	0	0.48242234529256	0	0.51757765470744
TCGA.EW.A2FV.01A	LumB	0	0.284668989547038	0	0.715331010452962	0
