libName	subtype.pam50	subtype.pam50_proba_Basal	subtype.pam50_proba_Her2	subtype.pam50_proba_LumA	subtype.pam50_proba_LumB	subtype.pam50_proba_Normal
TCGA.E2.A1B1.01A.21R.A12P.07	Her2	0	0.749690682402208	0.0699533644237175	0.180355953174074	0
TCGA.AN.A0XO.01A.11R.A109.07	LumA	0	0	0.658818958818959	0.341181041181041	0
TCGA.AR.A255.01A.11R.A169.07	LumB	0	0.18467460388506	0.128457613463432	0.686867782651508	0
TCGA.UL.AAZ6.01A.11R.A41B.07	Her2	0	0.535993017046622	0	0.464006982953378	0
TCGA.LD.A7W5.01A.22R.A352.07	LumA	0	0	0.802446256486286	0.197553743513714	0
TCGA.BH.A1F8.01A.11R.A13Q.07	LumB	0	0.340443267627734	0	0.659556732372266	0
TCGA.AC.A2BM.01A.11R.A21T.07	LumB	0	0	0.0549410029498525	0.945058997050147	0
TCGA.E2.A1IN.01A.11R.A13Q.07	LumB	0	0.0666374076512325	0.38863287250384	0.544729719844927	0
TCGA.AR.A1AR.01A.31R.A137.07	Basal	0.693118096856415	0.134409515717927	0	0.172472387425658	0
TCGA.EW.A1P6.01A.11R.A144.07	LumB	0	0.121498398094143	0.298940277663682	0.579561324242175	0
TCGA.BH.A0H0.01A.11R.A056.07	LumB	0	0.275553083673217	0	0.724446916326783	0
TCGA.AR.A24K.01A.11R.A169.07	LumB	0	0	0.0464509394572025	0.953549060542797	0
TCGA.BH.A1FG.01A.11R.A13Q.07	LumA	0	0	0.575483314862702	0.424516685137298	0
TCGA.BH.A0H9.01A.11R.A056.07	LumB	0	0	0	1	0
TCGA.D8.A1J9.01A.11R.A13Q.07	Her2	0	0.602831246495982	0	0.397168753504018	0
TCGA.D8.A27K.01A.11R.A16F.07	LumA	0	0	0.724374237760613	0.17591033161043	0.0997154306289564
TCGA.B6.A400.01A.11R.A239.07	Basal	1	0	0	0	0
TCGA.AR.A24R.01A.11R.A169.07	LumB	0	0.159204306722689	0	0.840795693277311	0
TCGA.E2.A1B4.01A.11R.A12P.07	LumA	0	0	0.688960676397862	0	0.311039323602138
TCGA.AQ.A1H2.01A.11R.A13Q.07	LumB	0	0.135976648017514	0.41425443930917	0.449768912673315	0
TCGA.C8.A1HK.01A.21R.A13Q.07	Her2	0	0.645348837209302	0	0.354651162790698	0
TCGA.D8.A1JF.01A.11R.A13Q.07	Her2	0	0.561309800278681	0	0.438690199721319	0
TCGA.GM.A2DK.01A.21R.A180.07	LumB	0	0	0.41330185607294	0.58669814392706	0
TCGA.A2.A1G4.01A.11R.A13Q.07	LumB	0	0	0.0598712014489837	0.940128798551016	0
TCGA.BH.A0HB.01A.11R.A056.07	LumB	0	0.106586472096233	0	0.893413527903766	0
TCGA.C8.A1HG.01A.11R.A137.07	LumB	0	0.0932136045772409	0	0.906786395422759	0
TCGA.BH.A1F6.01A.11R.A13Q.07	Basal	0.853549890350877	0.146450109649123	0	0	0
TCGA.BH.A1FU.01A.11R.A14D.07	Her2	0.0682100582041724	0.849584723039697	0	0.0822052187561311	0
TCGA.BH.A1FN.01A.11R.A13Q.07	LumB	0.216115039515123	0.310951334006774	0	0.472933626478103	0
TCGA.EW.A6S9.01A.22R.A33J.07	Her2	0	0.618038989882372	0	0.381961010117628	0
TCGA.OL.A5D6.01A.21R.A27Q.07	Her2	0	0.440154142581888	0.294797687861272	0	0.26504816955684
TCGA.E9.A1R7.01A.11R.A14M.07	LumB	0	0.0704552261156035	0	0.929544773884396	0
TCGA.AR.A0TZ.01A.12R.A084.07	LumB	0	0.119398496240601	0.159298245614035	0.721303258145363	0
TCGA.E2.A1L6.01A.11R.A13Q.07	LumA	0	0	0.679851783232978	0.139601667438629	0.180546549328393
TCGA.A7.A26H.01A.11R.A169.07	LumB	0	0.0870662830975166	0.404215346679974	0.508718370222509	0
TCGA.BH.A1F5.01A.12R.A13Q.07	LumA	0	0	0.543947471070082	0.456052528929918	0
TCGA.A2.A0YT.01A.11R.A109.07	LumB	0	0.45565916079754	0	0.54434083920246	0
TCGA.AQ.A0Y5.01A.11R.A14M.07	Her2	0	0.606474402910318	0.187325354563189	0.206200242526493	0
TCGA.GI.A2C8.01A.11R.A16F.07	LumA	0	0	0.623316062176166	0	0.376683937823834
TCGA.AO.A0JI.01A.21R.A056.07	LumB	0	0	0.286739072137302	0.713260927862698	0
TCGA.C8.A1HO.01A.11R.A13Q.07	LumB	0	0	0.174725274725275	0.825274725274725	0
TCGA.C8.A1HI.01A.11R.A137.07	LumA	0	0	0.604240282685512	0.1866366848699	0.209123032444587
TCGA.B6.A1KC.01B.11R.A157.07	LumB	0	0.0735972461273666	0.184716006884682	0.741686746987952	0
TCGA.C8.A274.01A.11R.A16F.07	LumB	0	0.218658269733682	0.0433900837914287	0.737951646474889	0
TCGA.E2.A1L7.01A.11R.A144.07	LumB	0.0915986478687443	0.237035204880864	0	0.671366147250392	0
TCGA.D8.A1XU.01A.11R.A14M.07	LumA	0	0	0.689469765902887	0.254528910579866	0.0560013235172471
TCGA.B6.A0IK.01A.12R.A056.07	Her2	0	0.701301615798923	0	0.298698384201077	0
TCGA.E9.A247.01A.11R.A169.07	LumB	0	0.0946213169863555	0	0.905378683013645	0
TCGA.AN.A0XW.01A.11R.A109.07	LumB	0	0.448785468615649	0	0.551214531384351	0
TCGA.AC.A8OP.01A.11R.A36F.07	LumB	0	0	0.277899159663866	0.722100840336135	0
TCGA.EW.A6SD.01A.12R.A33J.07	Her2	0	0.683527709971974	0	0.316472290028026	0
TCGA.AR.A24Q.01A.12R.A169.07	Basal	0.957679304515818	0	0	0	0.0423206954841826
TCGA.E2.A1LI.01A.12R.A157.07	Basal	0.823984225001297	0.133724248871361	0	0.0422915261273416	0
TCGA.D8.A1XR.01A.11R.A14M.07	LumB	0	0.0873167622689611	0.248778415126407	0.663904822604631	0
TCGA.A2.A0SV.01A.11R.A084.07	LumB	0	0.418495620814013	0	0.581504379185987	0
TCGA.E9.A1R2.01A.11R.A14D.07	LumB	0	0	0.0276570048309179	0.972342995169082	0
TCGA.A2.A0YM.01A.11R.A109.07	Basal	0.878260395067118	0.121739604932882	0	0	0
TCGA.AO.A03N.01B.11R.A10J.07	LumB	0	0.442024821880028	0	0.557975178119972	0
TCGA.LL.A442.01A.11R.A24H.07	LumB	0	0	0.413949798038084	0.586050201961916	0
TCGA.D8.A27R.01A.11R.A16F.07	LumB	0	0.449482003631315	0	0.550517996368685	0
TCGA.E9.A22G.01A.11R.A157.07	Basal	0.868613138686131	0.0653539297233068	0	0.0660329315905619	0
TCGA.E2.A1LE.01A.12R.A19W.07	Her2	0	0.710159992768688	0	0.289840007231312	0
TCGA.B6.A0WV.01A.11R.A109.07	LumB	0	0.215998224063934	0	0.784001775936066	0
TCGA.D8.A1JJ.01A.31R.A14M.07	LumB	0	0.388250248701227	0	0.611749751298773	0
TCGA.E2.A1IG.01A.11R.A144.07	LumB	0	0	0.443202764976959	0.556797235023041	0
TCGA.D8.A1XB.01A.11R.A14D.07	LumA	0	0	0.767207560627675	0.232792439372325	0
TCGA.BH.A1FD.01A.11R.A13Q.07	LumB	0	0.309893226559893	0	0.690106773440107	0
TCGA.BH.A0HA.01A.11R.A12P.07	LumA	0	0	0.547869101978691	0.452130898021309	0
TCGA.B6.A0X5.01A.21R.A109.07	LumB	0	0.314116379310345	0	0.685883620689655	0
TCGA.BH.A0BS.01A.11R.A12P.07	LumB	0	0	0.27964501510574	0.72035498489426	0
TCGA.E2.A572.01A.13R.A31O.07	LumA	0	0	0.662384327623548	0	0.337615672376452
TCGA.D8.A1JP.01A.11R.A13Q.07	LumB	0	0.219233147804576	0	0.780766852195424	0
TCGA.A2.A259.01A.11R.A16F.07	LumA	0	0	0.580580137659784	0	0.419419862340216
TCGA.E2.A1IO.01A.11R.A144.07	LumA	0	0	0.73023475445224	0	0.26976524554776
TCGA.A1.A0SN.01A.11R.A144.07	LumB	0	0.425965466023023	0	0.574034533976977	0
TCGA.S3.AA11.01A.31R.A41B.07	LumA	0	0	0.505632132799763	0.494367867200237	0
TCGA.D8.A1XL.01A.11R.A14M.07	LumB	0	0.412757882444531	0	0.587242117555469	0
TCGA.B6.A1KI.01A.11R.A14M.07	LumA	0	0	0.686067723178657	0.313932276821343	0
TCGA.3C.AALJ.01A.31R.A41B.07	LumB	0	0.339728079271806	0	0.660271920728195	0
TCGA.BH.A0BM.01A.11R.A056.07	LumA	0	0	0.590932642487047	0	0.409067357512953
TCGA.AO.A0JD.01A.11R.A056.07	LumB	0.159182160726419	0.210575081845698	0	0.630242757427883	0
TCGA.A2.A25B.01A.11R.A169.07	LumB	0	0.388807454716784	0	0.611192545283216	0
TCGA.AR.A0TW.01A.11R.A084.07	LumB	0	0.335066542865986	0.103683070256886	0.561250386877128	0
TCGA.B6.A0RM.01A.11R.A084.07	LumB	0	0	0.390454455249057	0.609545544750943	0
TCGA.A7.A6VV.01A.22R.A33J.07	Basal	1	0	0	0	0
TCGA.A1.A0SH.01A.11R.A084.07	LumA	0	0	0.634337763519707	0	0.365662236480293
TCGA.A2.A3XX.01A.21R.A239.07	Basal	0.941844587884806	0.0581554121151936	0	0	0
TCGA.BH.A1EN.01A.11R.A13Q.07	Her2	0	0.592931370426499	0	0.407068629573501	0
TCGA.A2.A3XW.01A.11R.A239.07	Normal	0	0	0.360070257611241	0	0.639929742388759
TCGA.B6.A0WT.01A.11R.A109.07	LumB	0	0.00357371941720883	0.407495647393018	0.588930633189774	0
TCGA.EW.A1PC.01B.11R.A21T.07	LumB	0.113337804252633	0.413231291175194	0	0.473430904572172	0
TCGA.A2.A3XT.01A.11R.A22U.07	Basal	0.68636014873399	0.094257215369179	0	0.219382635896831	0
TCGA.BH.A1FB.01A.11R.A13Q.07	LumA	0	0	0.566310671873755	0	0.433689328126245
TCGA.D8.A1Y3.01A.11R.A157.07	LumB	0.167884038276428	0.314761338542551	0	0.51735462318102	0
TCGA.BH.A0HF.01A.11R.A056.07	LumB	0	0	0.498319955198805	0.501680044801195	0
TCGA.A2.A3XV.01A.21R.A239.07	Her2	0	0.70040832455216	0	0.29959167544784	0
TCGA.A2.A1G0.01A.11R.A13Q.07	LumA	0	0	0.688334273359654	0	0.311665726640346
TCGA.BH.A1FJ.01A.11R.A13Q.07	LumB	0	0.365446716899892	0	0.634553283100108	0
TCGA.AR.A0U3.01A.11R.A109.07	LumB	0	0.136116152450091	0.0320145190562613	0.831869328493648	0
TCGA.D8.A1XD.01A.11R.A14D.07	LumB	0	0.272255673923113	0.209078276980083	0.518666049096804	0
TCGA.AR.A24Z.01A.11R.A169.07	LumB	0	0.0938683367317215	0	0.906131663268278	0
TCGA.LL.A73Y.01A.11R.A33J.07	Basal	0.776659830812612	0	0	0	0.223340169187388
TCGA.D8.A1XT.01A.11R.A14M.07	Her2	0	0.679162746942615	0	0.320837253057385	0
TCGA.EW.A1P5.01A.11R.A144.07	LumB	0	0.0458892550028128	0.204050470143856	0.750060274853331	0
TCGA.EW.A1OY.01A.11R.A144.07	LumB	0	0.164145821213884	0	0.835854178786116	0
TCGA.B6.A0RL.01A.11R.A084.07	LumB	0	0.247983870967742	0	0.752016129032258	0
TCGA.S3.A6ZH.01A.22R.A32P.07	LumB	0	0.257485714285714	0	0.742514285714286	0
TCGA.EW.A1J1.01A.11R.A13Q.07	LumB	0	0	0.496410186941208	0.503589813058792	0
TCGA.BH.A6R8.01A.21R.A33J.07	LumB	0	0.0757330267077824	0.441802121988188	0.48246485130403	0
TCGA.AR.A24P.01A.11R.A169.07	LumB	0	0	0.275250156347717	0.724749843652283	0
TCGA.A2.A1FW.01A.11R.A13Q.07	LumB	0	0.247446481040996	0	0.752553518959004	0
TCGA.EW.A2FS.01A.11R.A17B.07	LumB	0	0.000718597298074159	0	0.999281402701926	0
TCGA.BH.A0B8.01A.21R.A056.07	LumB	0	0	0.336512053707659	0.663487946292341	0
TCGA.AR.A1AS.01A.11R.A12P.07	LumB	0	0.353015825619588	0	0.646984174380412	0
TCGA.B6.A0WW.01A.11R.A109.07	LumB	0	0.219234388154311	0.0756202644480761	0.705145347397613	0
TCGA.E2.A109.01A.11R.A10J.07	LumB	0	0.38608570052961	0	0.61391429947039	0
TCGA.BH.A0BJ.01A.11R.A056.07	LumA	0	0	0.700056793979838	0.299943206020162	0
TCGA.LL.A7T0.01A.31R.A352.07	LumB	0	0.35187941942687	0	0.64812058057313	0
TCGA.GM.A2DL.01A.11R.A18M.07	LumB	0	0.495675363990198	0	0.504324636009803	0
TCGA.AC.A62X.01A.11R.A29R.07	Basal	0.981643904272648	0	0	0	0.0183560957273525
TCGA.AN.A0XN.01A.21R.A109.07	LumB	0	0.458431142410016	0	0.541568857589984	0
TCGA.OL.A6VR.01A.32R.A33J.07	LumA	0	0	0.601042351394497	0	0.398957648605503
TCGA.E2.A574.01A.11R.A29R.07	Basal	0.80599710982659	0	0	0	0.19400289017341
TCGA.AC.A5EH.01A.11R.A28M.07	Her2	0	0.525175157344733	0	0.474824842655267	0
TCGA.A7.A4SE.01A.11R.A266.07	Basal	1	0	0	0	0
TCGA.AR.A0TR.01A.11R.A084.07	LumA	0	0	0.563373033377444	0.436626966622555	0
TCGA.E9.A226.01A.21R.A157.07	LumB	0	0.365426804946151	0	0.634573195053849	0
TCGA.B6.A0WY.01A.11R.A109.07	Normal	0	0	0.458840421167783	0	0.541159578832217
TCGA.D8.A27H.01A.11R.A16F.07	Basal	0.936511240632806	0.063488759367194	0	0	0
TCGA.A2.A0T2.01A.11R.A084.07	Basal	0.907557095201437	0	0	0	0.092442904798563
TCGA.AN.A0XP.01A.11R.A109.07	LumB	0	0	0.470105163653551	0.529894836346449	0
TCGA.A2.A0SU.01A.11R.A084.07	LumB	0	0	0.289118515394348	0.710881484605652	0
TCGA.E9.A1RF.01A.11R.A157.07	LumB	0	0.331624674196351	0	0.668375325803649	0
TCGA.A2.A1G6.01A.11R.A13Q.07	Normal	0	0	0.498209772535805	0	0.501790227464195
TCGA.A2.A0YH.01A.11R.A109.07	LumB	0	0.28732885559287	0	0.71267114440713	0
TCGA.LL.A740.01A.21R.A32P.07	Her2	0	0.737278836922233	0	0.262721163077767	0
TCGA.B6.A0RO.01A.22R.A084.07	LumA	0	0	0.666496916199853	0.221071691280484	0.112431392519663
TCGA.A2.A25E.01A.11R.A169.07	LumB	0	0.241042147455363	0	0.758957852544637	0
TCGA.D8.A1JI.01A.11R.A13Q.07	LumB	0	0	0.388031126482213	0.611968873517787	0
TCGA.C8.A26Y.01A.11R.A16F.07	Her2	0.11940074906367	0.479850187265918	0	0.400749063670412	0
TCGA.AO.A12C.01A.11R.A10J.07	LumA	0	0	0.795419321508524	0.0178520176798117	0.186728660811664
TCGA.D8.A1XA.01A.11R.A14D.07	LumB	0	0.101259642613026	0.427399668001172	0.471340689385802	0
TCGA.A2.A0YJ.01A.11R.A109.07	Basal	0.874497991967871	0	0	0	0.125502008032128
TCGA.BH.A0GY.01A.11R.A056.07	LumB	0	0.411221270842722	0	0.588778729157278	0
TCGA.AC.A23H.01A.11R.A157.07	Her2	0	0.659975894678287	0	0.340024105321713	0
TCGA.OL.A5RZ.01A.11R.A28M.07	Her2	0	0.673504904545934	0	0.326495095454066	0
TCGA.B6.A0RG.01A.11R.A056.07	LumB	0	0	0.222735997208166	0.777264002791834	0
TCGA.AR.A1AN.01A.11R.A12P.07	LumA	0	0	0.680844293593551	0.319155706406449	0
TCGA.OL.A5S0.01A.11R.A28M.07	Basal	0.900228126677402	0.099771873322598	0	0	0
TCGA.AO.A0JM.01A.21R.A056.07	LumB	0	0.478550062972292	0	0.521449937027708	0
TCGA.GM.A2DH.01A.11R.A180.07	Her2	0.149481554002937	0.46224022072894	0	0.388278225268123	0
TCGA.BH.A42V.01A.11R.A24H.07	LumA	0	0	0.51475828943291	0	0.48524171056709
TCGA.C8.A273.01A.11R.A16F.07	LumB	0	0.278110570323225	0	0.721889429676775	0
TCGA.B6.A0X7.01A.11R.A10J.07	LumA	0	0	0.752665753261452	0.110383034490975	0.136951212247573
TCGA.B6.A0I1.01A.11R.A21T.07	Basal	0.887517701800526	0.102569289904916	0	0.00991300829455796	0
TCGA.A7.A13G.01A.11R.A13Q.07	LumA	0	0	0.717520784216404	0	0.282479215783596
TCGA.E2.A1L9.01A.11R.A13Q.07	LumB	0	0.0459002884219201	0.335970333745365	0.618129377832715	0
TCGA.LL.A5YP.01A.21R.A28M.07	Basal	0.84585152838428	0.15414847161572	0	0	0
TCGA.A8.A08O.01A.21R.A056.07	LumA	0	0	0.596408045977012	0.403591954022989	0
TCGA.AR.A251.01A.12R.A169.07	Basal	0.806433051383854	0.15541745785143	0	0.038149490764716	0
TCGA.A7.A13E.01A.11R.A277.07	Basal	0.900184477533272	0	0	0	0.0998155224667282
TCGA.V7.A7HQ.01A.11R.A33J.07	LumA	0	0	0.785977859778598	0.00285455684745527	0.211167583373947
TCGA.E2.A56Z.01A.12R.A29R.07	LumB	0	0.019995142880272	0.123289889095766	0.856714968023962	0
TCGA.E2.A1IU.01A.11R.A14D.07	LumA	0	0	0.650476435745558	0.115117177440124	0.234406386814319
TCGA.E9.A1R6.01A.11R.A14D.07	LumB	0	0.233833141099577	0.222914263744714	0.543252595155709	0
TCGA.BH.A0DH.01A.11R.A084.07	LumA	0	0.152242352242352	0.465043065043065	0.382714582714583	0
TCGA.D8.A1XY.01A.11R.A14M.07	LumA	0	0	0.700238756517078	0.106465916289042	0.19329532719388
TCGA.E2.A570.01A.11R.A29R.07	LumB	0	0.211307525919296	0.233236369060938	0.555456105019766	0
TCGA.E2.A1LA.01A.11R.A144.07	LumB	0	0.185316680403221	0.171368794775883	0.643314524820896	0
TCGA.C8.A1HF.01A.11R.A137.07	Her2	0	0.626534011220196	0	0.373465988779804	0
TCGA.S3.AA0Z.01A.11R.A41B.07	Basal	1	0	0	0	0
TCGA.AR.A0TU.01A.31R.A109.07	Basal	0.682111560056672	0.146455370729916	0	0.171433069213412	0
TCGA.BH.A0HI.01A.11R.A084.07	LumB	0	0	0.470966620305981	0.52903337969402	0
TCGA.C8.A1HJ.01A.11R.A13Q.07	Basal	0.82313700895148	0.103825759735447	0	0.0730372313130737	0
TCGA.BH.A5IZ.01A.11R.A27Q.07	Basal	0.92297798290081	0.0256487856548385	0	0.051373231444352	0
TCGA.LL.A8F5.01A.11R.A36F.07	Basal	0.870301235839341	0	0	0	0.129698764160659
TCGA.D8.A1JM.01A.11R.A13Q.07	Basal	0.982553823311062	0	0	0	0.0174461766889384
TCGA.AO.A0JB.01A.11R.A32Y.07	Normal	0.494630506006553	0	0	0	0.505369493993447
TCGA.E2.A1LS.01A.12R.A157.07	Basal	0.61065881092662	0	0	0	0.38934118907338
TCGA.D8.A1XM.01A.21R.A14M.07	LumB	0	0.270926578421103	0.0899914293876773	0.63908199219122	0
TCGA.A7.A2KD.01A.31R.A21T.07	LumB	0	0.42385430177259	0	0.57614569822741	0
TCGA.S3.AA14.01A.11R.A41B.07	Her2	0	0.564580479961889	0.282320014291669	0.153099505746442	0
TCGA.LL.A6FQ.01A.11R.A31O.07	LumA	0	0.0730532133493942	0.473676751930844	0.453270034719762	0
TCGA.AR.A1AP.01A.11R.A12P.07	LumB	0	0.1980799718161	0	0.8019200281839	0
TCGA.BH.A1EY.01A.11R.A13Q.07	LumB	0	0	0.443334881560613	0.556665118439387	0
TCGA.B6.A0RE.01A.11R.A056.07	Basal	0.938970402226157	0.0610295977738426	0	0	0
TCGA.AC.A5XU.01A.11R.A28M.07	LumB	0	0	0.0739869753979739	0.926013024602026	0
TCGA.D8.A1XK.01A.21R.A14M.07	Basal	0.666616046570488	0.21447734750696	0	0.118906605922551	0
TCGA.S3.AA12.01A.11R.A41B.07	LumB	0	0.147127133191962	0.347066545491265	0.505806321316773	0
TCGA.BH.A0AU.01A.11R.A12P.07	LumB	0	0.238398914518317	0	0.761601085481682	0
TCGA.A7.A13F.01A.11R.A12P.07	LumB	0	0.402549792077041	0	0.597450207922959	0
TCGA.AO.A0JE.01A.11R.A056.07	Her2	0.0204798127559977	0.689238789297303	0	0.290281397946699	0
TCGA.D8.A1Y1.01A.21R.A14M.07	LumB	0	0.348879716981132	0	0.651120283018868	0
TCGA.EW.A1P3.01A.11R.A144.07	LumB	0	0.311259169526886	0.00639343159028198	0.682347398882832	0
TCGA.OL.A6VO.01A.12R.A33J.07	Basal	0.771028299243486	0.103950686466797	0	0.125021014289717	0
TCGA.EW.A1IY.01A.11R.A13Q.07	LumB	0	0.311297330850404	0	0.688702669149597	0
TCGA.BH.A0E1.01A.11R.A056.07	LumB	0	0.000752688172043011	0	0.999247311827957	0
TCGA.A1.A0SJ.01A.11R.A084.07	LumB	0	0.389839491217444	0	0.610160508782556	0
TCGA.OL.A66O.01A.11R.A31O.07	LumB	0	0.250849579681631	0	0.749150420318369	0
TCGA.E9.A244.01A.11R.A169.07	Basal	0.918425954672462	0	0	0	0.081574045327538
TCGA.E2.A573.01A.11R.A29R.07	Basal	0.745356769406961	0.187471991236369	0	0.0671712393566698	0
TCGA.E2.A1LK.01A.21R.A14D.07	Basal	0.78401396529835	0	0	0	0.21598603470165
TCGA.OL.A5RV.01A.12R.A28M.07	LumA	0	0	0.561440036341611	0	0.438559963658389
TCGA.BH.A1EV.01A.11R.A137.07	Her2	0	0.51965124683773	0	0.48034875316227	0
TCGA.BH.A0AZ.01A.21R.A12P.07	LumA	0	0	0.552023945267959	0.447976054732041	0
TCGA.E9.A228.01A.31R.A157.07	LumB	0	0.273495068586328	0	0.726504931413672	0
TCGA.A7.A5ZW.01A.12R.A29R.07	LumA	0	0	0.675878028859243	0	0.324121971140757
TCGA.A7.A6VW.01A.21R.A33J.07	Basal	0.751276844501877	0.225647652452157	0	0.0230755030459664	0
TCGA.BH.A1FL.01A.11R.A13Q.07	LumB	0	0	0.354692056956596	0.645307943043404	0
TCGA.D8.A27F.01A.11R.A16F.07	Basal	0.920929939516129	0.079070060483871	0	0	0
TCGA.AO.A1KR.01A.12R.A144.07	Basal	0.883041301627034	0.116958698372966	0	0	0
TCGA.A2.A3Y0.01A.11R.A239.07	Basal	0.739562759654022	0.245522032282231	0	0.0149152080637472	0
TCGA.BH.A1FH.01A.12R.A13Q.07	LumA	0	0	0.504421221864952	0	0.495578778135048
TCGA.A7.A0D9.01A.31R.A056.07	LumA	0	0.0135182894504329	0.691199858632267	0.176974730517759	0.118307121399541
TCGA.AN.A0XR.01A.11R.A109.07	LumB	0	0.256118198385837	0	0.743881801614163	0
TCGA.C8.A1HN.01A.11R.A137.07	LumB	0	0.230533448053345	0	0.769466551946655	0
TCGA.A2.A0SX.01A.12R.A084.07	Basal	1	0	0	0	0
TCGA.BH.A5J0.01A.11R.A27Q.07	LumB	0	0.161978519763279	0.32812157521736	0.509899905019361	0
TCGA.BH.A0B3.01A.11R.A056.07	Basal	0.788968373493976	0.211031626506024	0	0	0
TCGA.AO.A12B.01A.11R.A10J.07	LumB	0	0	0.24934605323896	0.75065394676104	0
TCGA.GI.A2C9.01A.11R.A21T.07	Basal	0.836546747091771	0	0	0	0.163453252908229
TCGA.A1.A0SP.01A.11R.A084.07	Basal	1	0	0	0	0
TCGA.E9.A22E.01A.11R.A157.07	LumB	0	0.110125952933378	0	0.889874047066622	0
TCGA.D8.A1X5.01A.11R.A14D.07	LumB	0	0.300329186439229	0.116155786413578	0.583515027147193	0
TCGA.3C.AALI.01A.11R.A41B.07	Her2	0	0.653107569721115	0	0.346892430278885	0
TCGA.AC.A7VB.01A.11R.A352.07	LumB	0	0.0892369477911646	0	0.910763052208835	0
TCGA.AC.A6NO.01A.12R.A33J.07	LumB	0	0	0.271181262729124	0.728818737270876	0
TCGA.A7.A6VX.01A.12R.A33J.07	LumB	0	0.346706326175276	0	0.653293673824724	0
TCGA.EW.A1PH.01A.11R.A14M.07	Basal	0.852706648697215	0.147293351302785	0	0	0
TCGA.AR.A256.01A.11R.A169.07	Basal	0.940072639225182	0.0599273607748184	0	0	0
TCGA.BH.A0HN.01A.11R.A10U.07	LumA	0	0.00185197887372248	0.517250840249674	0.480897180876603	0
TCGA.D8.A27N.01A.11R.A16F.07	Her2	0	0.519239561109418	0	0.480760438890582	0
TCGA.AO.A0JL.01A.11R.A056.07	Basal	0.883793356130923	0.116206643869077	0	0	0
TCGA.C8.A27B.01A.11R.A169.07	Basal	0.741720673048338	0.190796123431833	0	0.0674832035198288	0
TCGA.AR.A0U2.01A.11R.A109.07	LumB	0.0477418245885437	0.415925400713334	0	0.536332774698122	0
TCGA.BH.A0DK.01A.21R.A056.07	LumB	0	0.0670786855592403	0	0.93292131444076	0
TCGA.E9.A1R0.01A.22R.A16F.07	LumA	0	0	0.57382026370576	0.42617973629424	0
TCGA.A2.A3XS.01A.11R.A22U.07	Basal	0.998156493240475	0.00184350675952479	0	0	0
TCGA.EW.A1P8.01A.11R.A144.07	Basal	0.884433389953895	0.115566610046105	0	0	0
TCGA.3C.AALK.01A.11R.A41B.07	Her2	0	0.383562786816854	0.341843971631206	0.27459324155194	0
TCGA.C8.A26Z.01A.11R.A16F.07	LumB	0	0.188561956071281	0.10269374222959	0.70874430169913	0
TCGA.E2.A10E.01A.21R.A10J.07	LumB	0	0.105061575629014	0.226091567968888	0.668846856402098	0
TCGA.D8.A1JH.01A.11R.A13Q.07	LumA	0	0	0.84031973816717	0	0.15968026183283
TCGA.GM.A2DC.01A.11R.A18M.07	LumA	0	0	0.720395948434622	0	0.279604051565378
TCGA.BH.A0GZ.01A.11R.A056.07	LumB	0	0.00994854202401372	0.424356775300172	0.565694682675815	0
TCGA.E2.A106.01A.11R.A10J.07	LumA	0	0	0.512469287469287	0.487530712530713	0
TCGA.AO.A03M.01B.11R.A10J.07	LumB	0	0.486185888353641	0	0.513814111646359	0
TCGA.GM.A2DA.01A.11R.A18M.07	Her2	0	0.517944535073409	0	0.48205546492659	0
TCGA.A2.A0YG.01A.21R.A109.07	LumB	0	0.478461538461538	0	0.521538461538462	0
TCGA.E2.A1BD.01A.11R.A12P.07	LumB	0	0	0.434568387859677	0.565431612140323	0
TCGA.OL.A5D8.01A.11R.A27Q.07	LumB	0	0	0.358369702942419	0.641630297057581	0
TCGA.D8.A1X6.01A.11R.A14M.07	LumB	0	0	0.319273251160557	0.680726748839443	0
TCGA.D8.A27P.01A.11R.A16F.07	LumA	0	0	0.671130301705291	0	0.328869698294709
TCGA.B6.A1KN.01A.11R.A13Q.07	LumB	0	0.488261738261738	0	0.511738261738262	0
TCGA.BH.A0AW.01A.11R.A056.07	Her2	0	0.676473206337903	0	0.323526793662097	0
TCGA.A7.A4SF.01A.11R.A266.07	Her2	0	0.549758404441246	0	0.450241595558754	0
TCGA.AO.A129.01A.21R.A10J.07	Basal	0.920680756942738	0.0793192430572622	0	0	0
TCGA.E9.A1N6.01A.11R.A144.07	LumB	0	0.447505141249053	0	0.552494858750947	0
TCGA.OL.A5D7.01A.11R.A27Q.07	Basal	0.654814430314041	0.212769270698157	0	0.132416298987802	0
TCGA.E2.A1LB.01A.11R.A144.07	Her2	0	0.668591672328448	0	0.331408327671552	0
TCGA.EW.A6SB.01A.12R.A32P.07	Basal	1	0	0	0	0
TCGA.E9.A1R5.01A.11R.A14M.07	LumB	0	0	0.433037943085372	0.566962056914628	0
TCGA.E2.A15I.01A.21R.A137.07	LumA	0	0	0.649474403897103	0	0.350525596102897
TCGA.E2.A1IK.01A.11R.A144.07	LumA	0	0	0.516948315050894	0.370095859274632	0.112955825674474
TCGA.AC.A2BK.01A.11R.A21T.07	Basal	0.606723349879589	0.218361429203322	0	0.174915220917088	0
TCGA.GM.A2DM.01A.11R.A180.07	LumA	0	0	0.742801771871539	0.257198228128461	0
TCGA.B6.A402.01A.11R.A239.07	Basal	0.981073595357425	0	0	0	0.0189264046425745
TCGA.E2.A1IF.01A.11R.A144.07	LumB	0	0	0.342284893120172	0.657715106879828	0
TCGA.AQ.A04L.01B.21R.A10J.07	Her2	0	0.558335545526944	0	0.441664454473055	0
TCGA.A8.A075.01A.11R.A084.07	LumB	0	0.489962299717248	0	0.510037700282752	0
TCGA.A2.A25C.01A.11R.A169.07	LumB	0	0.347332372025955	0	0.652667627974045	0
TCGA.BH.A1EX.01A.11R.A13Q.07	Her2	0	0.528387007218212	0	0.471612992781788	0
TCGA.E2.A1B0.01A.11R.A12P.07	Her2	0.22477399067887	0.655455106968387	0	0.119770902352743	0
TCGA.E2.A10C.01A.21R.A10J.07	LumB	0	0.331011631052204	0	0.668988368947795	0
TCGA.BH.A1FM.01A.11R.A13Q.07	LumB	0	0.310187132043734	0	0.689812867956266	0
TCGA.PL.A8LY.01A.11R.A41B.07	Normal	0.140619932354168	0	0.215771672149377	0	0.643608395496456
TCGA.D8.A1JA.01A.11R.A13Q.07	Her2	0	0.722581593648927	0	0.277418406351073	0
TCGA.OL.A5RX.01A.11R.A28M.07	LumA	0	0	0.565625707173569	0	0.434374292826431
TCGA.A2.A0T7.01A.21R.A084.07	Her2	0.0462085308056872	0.422985781990521	0	0.422985781990521	0.10781990521327
TCGA.E9.A24A.01A.11R.A169.07	LumB	0	0.01837075524216	0.441702232943651	0.539927011814189	0
TCGA.UU.A93S.01A.21R.A41B.07	Her2	0.0337747359023955	0.607796458860289	0	0.358428805237316	0
TCGA.A1.A0SO.01A.22R.A084.07	Basal	0.402479512502627	0.326160958184493	0	0.271359529312881	0
TCGA.AR.A24W.01A.11R.A169.07	LumA	0	0	0.532627276105537	0	0.467372723894463
TCGA.AQ.A54N.01A.11R.A266.07	Basal	0.809542280837859	0	0	0	0.190457719162141
TCGA.BH.A0B9.01A.11R.A056.07	Basal	1	0	0	0	0
TCGA.AR.A0TQ.01A.11R.A084.07	Her2	0	0.562179546937634	0	0.437820453062366	0
TCGA.A7.A26J.01A.11R.A277.07	LumB	0	0.16382944228275	0	0.83617055771725	0
TCGA.BH.A0H3.01A.11R.A12P.07	LumA	0	0	0.729166666666667	0	0.270833333333333
TCGA.E2.A9RU.01A.11R.A41B.07	LumB	0	0.445670324427481	0	0.554329675572519	0
TCGA.D8.A1XF.01A.11R.A14D.07	LumB	0	0.163841314225795	0	0.836158685774205	0
TCGA.GM.A2D9.01A.11R.A18M.07	LumA	0	0.105968490553703	0.491926521540171	0.402104987906125	0
TCGA.D8.A1JE.01A.11R.A13Q.07	LumB	0	0.21746765790552	0.0918456945501376	0.690686647544342	0
TCGA.AO.A03L.01A.41R.A056.07	LumB	0	0.489978047150902	0	0.510021952849098	0
TCGA.GM.A3XL.01A.11R.A22U.07	Basal	0.712326316417198	0.191245751088318	0	0.0964279324944839	0
TCGA.AN.A0XL.01A.11R.A10J.07	LumA	0	0	0.509034443817053	0.490965556182948	0
TCGA.B6.A401.01A.11R.A239.07	LumB	0	0	0.477204064817358	0.522795935182642	0
TCGA.E9.A1R3.01A.31R.A14M.07	LumA	0	0	0.664719000892061	0	0.335280999107939
TCGA.D8.A1JC.01A.11R.A13Q.07	LumB	0	0.180257226199947	0	0.819742773800053	0
TCGA.C8.A275.01A.21R.A16F.07	Her2	0	0.658488596209444	0	0.341511403790556	0
TCGA.E9.A229.01A.31R.A157.07	LumB	0	0.270680741059888	0	0.729319258940112	0
TCGA.D8.A1Y0.01A.11R.A14M.07	LumB	0	0.00830324909747292	0	0.991696750902527	0
TCGA.OL.A5RW.01A.11R.A28M.07	Basal	0.866369479577027	0	0	0	0.133630520422973
TCGA.BH.A0DQ.01A.11R.A084.07	LumB	0	0.144367127631463	0.148242755218885	0.707390117149652	0
TCGA.A2.A3XU.01A.12R.A22U.07	Basal	0.953894954263795	0	0	0	0.0461050457362054
TCGA.AN.A0XT.01A.11R.A109.07	LumA	0	0	0.600660863958736	0.399339136041264	0
TCGA.EW.A1OZ.01A.11R.A144.07	Her2	0	0.583982683982684	0	0.416017316017316	0
TCGA.GM.A2DB.01A.31R.A18M.07	Her2	0.172381497476456	0.523076122587023	0	0.304542379936521	0
TCGA.A2.A0YC.01A.11R.A109.07	LumB	0	0	0.380520719738277	0.619479280261723	0
TCGA.AN.A0XU.01A.11R.A109.07	Basal	1	0	0	0	0
TCGA.BH.A204.01A.11R.A157.07	LumB	0	0.149084249084249	0	0.850915750915751	0
TCGA.B6.A0RS.01A.11R.A084.07	Her2	0.0464895160886754	0.633488465195416	0	0.320022018715909	0
TCGA.E9.A1RB.01A.11R.A157.07	LumB	0.230177893855024	0.250579017395161	0	0.519243088749815	0
TCGA.BH.A0W4.01A.11R.A109.07	LumA	0	0	0.852282990466633	0.00712493728048169	0.140592072252885
TCGA.A2.A0T0.01A.22R.A084.07	Basal	0.504480125082687	0.293162547357027	0	0.202357327560286	0
TCGA.B6.A0WZ.01A.11R.A109.07	LumB	0	0.128065395095368	0.339934870738353	0.531999734166279	0
TCGA.AN.A0XS.01A.22R.A109.07	LumA	0	0	0.683163409798924	0.316836590201076	0
TCGA.A1.A0SQ.01A.21R.A144.07	LumB	0	0.0452493034873667	0.4072437313863	0.547506965126333	0
TCGA.E2.A1LL.01A.11R.A144.07	Basal	0.941457686823786	0.0571164975257905	0	0	0.00142581565042355
TCGA.D8.A1X9.01A.12R.A157.07	LumB	0	0.37973137973138	0.0652944938659224	0.554974126402698	0
TCGA.D8.A1XZ.01A.11R.A14M.07	LumB	0	0.40426939266386	0	0.59573060733614	0
TCGA.AR.A1AU.01A.11R.A12P.07	LumA	0	0	0.68556555993247	0	0.31443444006753
TCGA.E2.A1IE.01A.11R.A13Q.07	LumB	0	0.1201945814472	0.158300114857104	0.721505303695696	0
TCGA.A2.A0T5.01A.21R.A084.07	LumA	0	0	0.664182526943362	0	0.335817473056638
TCGA.D8.A1XG.01A.11R.A14D.07	LumA	0	0	0.653871019880394	0	0.346128980119606
TCGA.AR.A24L.01A.11R.A169.07	LumB	0	0.22144201534675	0	0.77855798465325	0
TCGA.A2.A0CT.01A.31R.A056.07	LumB	0	0.323347517730496	0.0704113475177305	0.606241134751773	0
TCGA.D8.A1XQ.01A.11R.A14M.07	Basal	0.900513305416723	0.099486694583277	0	0	0
TCGA.E2.A15J.01A.11R.A12P.07	LumB	0	0	0.38995579942082	0.61004420057918	0
TCGA.BH.A0H7.01A.13R.A056.07	LumB	0	0.295211306256861	0	0.70478869374314	0
TCGA.BH.A0E0.01A.11R.A056.07	Basal	0.700597195195598	0.207542105616319	0	0.0918606991880829	0
TCGA.AO.A1KP.01A.11R.A13Q.07	LumB	0	0.0118968536747388	0.30418503532822	0.683918110997041	0
TCGA.B6.A0RN.01A.12R.A084.07	LumA	0	0	0.766865439460721	5.18537723619393e-05	0.233082706766917
TCGA.AR.A1AY.01A.21R.A12P.07	Basal	1	0	0	0	0
TCGA.E9.A1RD.01A.11R.A157.07	LumB	0	0	0.382971979206289	0.617028020793711	0
TCGA.AR.A254.01A.21R.A169.07	Her2	0	0.536021624007061	0	0.463978375992939	0
TCGA.D8.A27L.01A.11R.A16F.07	LumA	0	0	0.866160378899232	0	0.133839621100768
TCGA.S3.AA10.01A.21R.A41B.07	Basal	0.915198825727249	0	0	0	0.0848011742727515
TCGA.E9.A1RE.01A.11R.A157.07	LumB	0	0.213460025419113	0.00756521212854808	0.778974762452339	0
TCGA.BH.A0BT.01A.11R.A12P.07	LumA	0	0.25282951608591	0.505213439087425	0.241957044826664	0
TCGA.D8.A1J8.01A.11R.A13Q.07	LumB	0	0.33952380952381	0	0.66047619047619	0
TCGA.AR.A0TV.01A.21R.A084.07	LumB	0	0.269636015325671	0	0.73036398467433	0
TCGA.E9.A1RH.01A.21R.A169.07	Her2	0.271837315890179	0.448671739420638	0	0.279490944689183	0
TCGA.AO.A1KT.01A.11R.A13Q.07	LumB	0	0.484934801873655	0	0.515065198126345	0
TCGA.A2.A4S3.01A.21R.A266.07	LumB	0.0534644408872627	0.420992453693117	0	0.52554310541962	0
TCGA.D8.A1JD.01A.11R.A13Q.07	LumB	0	0.364508266214498	0	0.635491733785502	0
TCGA.B6.A409.01A.11R.A24H.07	Basal	0.911029631846752	0	0	0	0.0889703681532475
TCGA.LL.A6FR.01A.12R.A31O.07	Basal	0.914790996784566	0	0	0	0.0852090032154341
TCGA.A2.A0SW.01A.11R.A084.07	LumB	0	0.413212435233161	0	0.586787564766839	0
TCGA.E9.A22H.01A.11R.A157.07	LumB	0	0.0682605927707434	0.138714012874019	0.793025394355238	0
TCGA.A1.A0SI.01A.11R.A144.07	LumB	0	0.476878612716763	0	0.523121387283237	0
TCGA.OL.A5RU.01A.11R.A28M.07	LumA	0	0	0.735623170221665	0	0.264376829778335
TCGA.B6.A0X1.01A.11R.A109.07	Basal	0.566991636034308	0.2479889190773	0	0.185019444888392	0
TCGA.A2.A1FZ.01A.51R.A14D.07	LumA	0	0	0.632491856677524	0.367508143322476	0
TCGA.E2.A10B.01A.11R.A10J.07	LumB	0	0	0.163495473377321	0.836504526622679	0
TCGA.E9.A249.01A.11R.A169.07	LumB	0	0	0.348463687150838	0.651536312849162	0
TCGA.BH.A0DS.01A.11R.A056.07	LumA	0	0.0258408777504647	0.59937646141855	0.374782660830985	0
TCGA.S3.A6ZF.01A.32R.A32P.07	LumB	0	0.240740740740741	0	0.759259259259259	0
TCGA.PL.A8LX.01A.11R.A41B.07	LumA	0	0	0.706252674041929	0.151152130065399	0.142595195892672
TCGA.A2.A3XZ.01A.42R.A239.07	Her2	0	0.644374926218864	0	0.355625073781136	0
TCGA.C8.A26W.01A.11R.A16F.07	LumB	0	0.375807428340735	0	0.624192571659265	0
TCGA.B6.A0RI.01A.11R.A056.07	LumB	0	0.249075335799105	0	0.750924664200895	0
TCGA.A2.A0EU.01A.22R.A056.07	LumB	0	0.0451549434333497	0.399311362518446	0.555533694048205	0
TCGA.E9.A245.01A.22R.A16F.07	LumA	0	0	0.584728033472803	0.415271966527197	0
TCGA.AQ.A1H3.01A.31R.A13Q.07	LumB	0	0	0.46308949624866	0.53691050375134	0
TCGA.AQ.A04H.01B.11R.A10J.07	LumB	0	0.329081632653061	0	0.670918367346939	0
TCGA.BH.A0HY.01A.11R.A056.07	Her2	0	0.508578303169788	0	0.491421696830212	0
TCGA.EW.A1PF.01A.11R.A144.07	LumA	0	0	0.756906077348066	0.198985599130514	0.0441083235214202
TCGA.A2.A0YE.01A.11R.A109.07	Basal	0.806151475643001	0.193848524356999	0	0	0
TCGA.BH.A0BC.01A.22R.A084.07	LumB	0	0.00555417392025201	0.145154604990467	0.849291221089281	0
TCGA.E9.A1RA.01A.11R.A14D.07	LumA	0	0	0.549688872620791	0.45031112737921	0
TCGA.A1.A0SF.01A.11R.A144.07	LumA	0	0	0.670690385429903	0	0.329309614570097
TCGA.EW.A1PA.01A.11R.A144.07	LumB	0	0	0	1	0
TCGA.BH.A1ET.01A.11R.A137.07	LumA	0	0	0.733403749669923	0.0676524953789279	0.198943754951149
TCGA.E9.A227.01A.11R.A157.07	LumB	0	0	0.353653169014085	0.646346830985916	0
TCGA.BH.A0E2.01A.11R.A056.07	LumB	0	0	0	1	0
TCGA.AR.A24N.01A.11R.A169.07	LumB	0	0.284719101123595	0	0.715280898876405	0
TCGA.B6.A0X4.01A.11R.A109.07	LumA	0	0	0.694215339729563	0.0343937608707849	0.271390899399652
TCGA.BH.A0HK.01A.11R.A056.07	LumA	0	0	0.518791090177608	0.445589245412619	0.0356196644097733
TCGA.AO.A126.01A.11R.A10J.07	LumB	0	0.294127474730599	0.197560771865341	0.50831175340406	0
TCGA.AO.A0JA.01A.11R.A056.07	LumB	0	0.157783351622511	0	0.842216648377489	0
TCGA.EW.A1J6.01A.11R.A13Q.07	LumB	0	0	0.153263019116678	0.846736980883322	0
TCGA.E9.A1RG.01A.11R.A14D.07	LumB	0	0.23549265750829	0	0.76450734249171	0
TCGA.A7.A13D.01A.13R.A12P.07	Basal	0.819596851145038	0.180403148854962	0	0	0
TCGA.BH.A202.01A.11R.A14M.07	LumB	0.00148500148500149	0.449531163816878	0	0.54898383469812	0
TCGA.WT.AB41.01A.11R.A41B.07	LumB	0	0	0.449787659255558	0.550212340744442	0
TCGA.BH.A0HX.01A.21R.A056.07	LumB	0	0.201247123450375	0.0643604780639893	0.734392398485636	0
TCGA.C8.A27A.01A.11R.A169.07	LumB	0	0.296020240700219	0	0.703979759299781	0
TCGA.BH.A201.01A.11R.A14M.07	Normal	0	0	0.48783989191015	0	0.51216010808985
TCGA.BH.A0W3.01A.11R.A109.07	LumB	0	0.0373584649806767	0.180012204217235	0.782629330802088	0
TCGA.AR.A24V.01A.21R.A169.07	LumB	0	0	0.195870886606581	0.804129113393419	0
TCGA.AC.A23C.01A.12R.A169.07	LumB	0	0.190752572794225	0.243427791054968	0.565819636150807	0
TCGA.E9.A1N8.01A.11R.A144.07	Basal	0.851475237091675	0	0	0	0.148524762908325
TCGA.AN.A0XV.01A.11R.A109.07	LumB	0	0	0.284842023647994	0.715157976352006	0
TCGA.A2.A1FX.01A.11R.A13Q.07	LumB	0	0.130288378518391	0	0.869711621481609	0
TCGA.A2.A0YF.01A.21R.A109.07	LumB	0	0.0214392123842218	0.238422177602176	0.740138610013602	0
TCGA.BH.A0H6.01A.21R.A056.07	LumA	0	0	0.832813474734872	0.137331788610641	0.0298547366544871
TCGA.OL.A66L.01A.12R.A31O.07	LumA	0	0	0.655909224874742	0	0.344090775125258
TCGA.E2.A105.01A.11R.A10J.07	LumB	0	0	0.138328792007266	0.861671207992734	0
TCGA.C8.A1HE.01A.11R.A13Q.07	LumB	0	0	0.418771375953696	0.581228624046304	0
TCGA.E9.A1NH.01A.11R.A14D.07	LumA	0	0	0.726219726219726	0.265145665145665	0.00863460863460863
TCGA.A7.A26I.01A.11R.A169.07	Basal	0.83816537168039	0.16183462831961	0	0	0
TCGA.B6.A1KF.01A.11R.A13Q.07	Basal	0.461448648648649	0.346335135135135	0	0.192216216216216	0
TCGA.AO.A0JF.01A.11R.A056.07	LumA	0	0	0.667487995956533	0.332512004043467	0
TCGA.A2.A04R.01A.41R.A109.07	LumB	0	0.0517955217574989	0.048077735530207	0.900126742712294	0
TCGA.D8.A1XW.01A.11R.A14M.07	Basal	0.688912272928666	0	0	0	0.311087727071334
TCGA.E2.A1AZ.01A.11R.A12P.07	Basal	0.614711033274956	0.262113251605371	0	0.123175715119673	0
TCGA.C8.A26V.01A.11R.A16F.07	LumB	0	0.370549305095963	0	0.629450694904037	0
TCGA.AR.A0TP.01A.11R.A084.07	Basal	0.973578811369509	0	0	0	0.026421188630491
