1
2
2
3
4
4
4
4
3
2
2
2
2
2
2
2
2
2
4
5
4
5
6
5
6
6
6
6
8
8
9
12
7
7
7
5
5
7
6
5
5
7
6
7
3
4
4
4
4
3
5
5
5
5
4
4
4
5
5
8
9
8
8
7
8
8
6
5
5
6
6
5
4
5
6
5
6
6
5
2
3
3
3
3
3
3
2
4
4
2
3
3
3
3
3
4
3
4
5
6
7
7
8
10
11
11
9
9
5
5
5
6
4
5
5
4
5
7
8
8
8
10
8
8
9
9
9
11
15
16
16
13
17
19
14
15
13
14
18
17
21
20
21
22
23
23
25
27
27
28
27
30
31
31
36
29
30
30
32
34
30
28
28
33
32
33
33
30
27
30
33
34
34
36
35
33
33
36
37
41
42
40
44
50
49
47
48
50
42
40
50
51
51
56
66
57
53
55
54
60
64
69
71
76
72
72
71
69
68
73
74
82
86
87
84
78
82
85
87
90
100
93
98
108
113
108
121
122
120
123
122
130
124
129
131
131
144
140
139
145
147
150
167
178
184
181
181
185
186
186
180
169
168
154
159
161
159
150
155
150
152
155
162
158
148
155
152
155
152
146
137
143
152
149
170
170
177
189
197
180
170
174
177
181
176
176
179
184
198
206
210
213
212
211
212
218
213
212
206
207
215
214
224
224
224
245
259
275
284
308
312
318
318
327
329
332
345
357
353
360
365
374
397
405
425
403
407
426
444
447
443
451
453
465
465
473
479
488
489
483
513
507
519
528
525
525
529
533
545
565
576
589
578
598
618
625
636
648
668
669
672
697
718
736
759
780
771
783
793
801
827
857
880
895
942
978
984
982
998
1037
1071
1095
1112
1130
1132
1159
1156
1178
1203
1252
1274
1271
1311
1311
1339
1365
1395
1432
1463
1480
1532
1560
1595
1619
1632
1717
1732
1770
1792
1794
1836
1860
1920
1940
1977
2034
2043
2088
2160
2223
2244
2280
2336
2373
2459
2474
2524
2611
2655
2696
2759
2779
2834
2872
2885
2985
3044
3113
3217
3240
3284
3347
3414
3462
3536
3548
3598
3678
3766
3824
3892
3990
4056
4118
4204
4297
4387
4496
4568
4644
4713
4814
4912
4914
4967
5091
5252
5407
5562
5662
5713
5848
5899
6017
6127
6169
6244
6358
6512
6705
6816
6954
7036
7089
7236
7384
7556
7655
7814
7971
8155
8298
8486
8593
8709
8970
9099
9229
9447
9649
9866
10055
10284
10433
10646
10787
11064
11397
11599
11792
12029
12215
12513
12762
13079
13360
13662
14032
14237
14588
14835
15156
15348
15749
16022
16428
16830
17086
17456
17913
18312
18625
19059
19550
19885
20295
20829
21362
21945
22337
22786
23258
23742
24225
24733
25187
25795
26456
26929
27421
27952
28453
28946
29659
30533
31228
31761
32296
32913
33610
34186
34805
35562
36283
37065
37784
38354
38906
39624
40534
41323
42322
43107
43972
45009
45859
46643
47351
48220
49267
50116
51164
52282
53386
54575
55616
56549
57657
58907
59854
60898
62116
63351
64763
65938
67279
68641
69967
71157
72527
73872
75270
76687
78358
79929
81401
83195
84719
86248
88060
90063
91619
93284
95131
96876
99069
101238
103352
105177
106901
109116
111556
113784
115969
118155
120640
123208
125783
128381
131181
133651
136364
138969
141503
144370
147447
150529
153376
156761
159822
162683
166475
169747
173103
176472
180532
184190
188456
192321
195891
199883
203820
208021
212146
216280
220394
225000
229612
234231
239399
244251
249259
254413
258760
263658
269175
274624
280365
286359
292010
297792
303877
310331
316390
322433
328731
335196
342146
348553
355638
362695
369957
377046
385561
393107
400575
408384
416330
424444
432968
441041
449524
458922
467988
477459
487307
496666
506720
517657
527554
538068
549650
560675
572011
583096
594048
606117
618386
630284
642055
655329
667920
680834
694784
708460
722971
737968
753371
768741
784124
799813
816319
832923
849261
866826
883980
901644
918950
936913
956219
975471
