1
1
1
1
1
1
1
2
3
3
1
2
2
2
2
3
3
2
3
4
6
6
3
4
4
5
4
4
3
4
2
2
2
2
2
2
2
2
2
2
2
2
3
3
2
2
1
1
2
3
5
4
6
6
5
5
5
3
3
4
2
1
2
2
2
2
2
2
2
3
1
1
1
1
1
1
1
1
1
1
1
1
1
2
3
3
3
4
5
6
7
8
8
5
8
8
4
5
4
5
6
9
8
10
10
13
10
10
8
9
11
13
9
9
7
4
6
7
8
7
5
4
4
4
3
3
3
2
2
3
3
4
4
5
5
7
8
7
9
9
9
9
9
8
11
12
9
8
8
8
6
6
10
7
8
5
5
5
4
5
5
6
6
3
4
3
4
4
5
6
6
8
9
7
6
5
6
6
7
7
9
10
11
9
9
10
11
12
12
12
11
13
15
15
15
14
15
14
12
10
10
9
10
13
14
17
20
22
19
19
18
20
21
21
22
17
18
18
20
26
29
27
26
30
31
35
33
34
38
43
46
56
47
48
47
48
53
53
53
51
45
45
40
33
32
34
37
36
41
36
39
40
39
45
48
42
37
38
40
44
39
39
38
40
42
42
42
40
36
37
40
49
56
54
66
69
71
76
73
79
79
76
83
81
79
85
86
87
90
96
102
109
103
106
102
101
118
123
124
134
136
142
150
172
167
175
183
188
201
207
210
216
225
245
250
267
273
273
280
279
293
294
316
320
312
330
346
351
358
364
373
411
421
429
456
471
465
485
506
506
540
585
603
612
610
601
600
622
620
631
655
666
670
698
674
691
689
698
733
762
783
802
819
815
826
830
864
866
898
916
947
952
987
1005
993
1016
1015
1007
1024
1020
1051
1079
1138
1146
1153
1165
1187
1230
1272
1320
1363
1404
1432
1439
1453
1451
1465
1482
1505
1544
1585
1594
1655
1681
1732
1777
1798
1815
1873
1959
2012
2018
2037
2102
2106
2148
2189
2166
2176
2186
2248
2303
2374
2410
2458
2457
2494
2528
2579
2600
2649
2699
2763
2860
2948
2998
3066
3125
3210
3311
3379
3440
3521
3586
3603
3638
3706
3740
3800
3847
3885
4032
4106
4182
4258
4321
4399
4533
4660
4737
4870
5058
5128
5229
5300
5458
5545
5654
5783
5915
6014
6135
6221
6320
6520
6733
6866
7040
7192
7276
7391
7480
7701
7861
8075
8257
8443
8564
8787
9029
9213
9430
9650
9798
9962
10035
10360
10584
10824
11011
11274
11383
11611
11817
12019
12190
12464
12840
13151
13449
13697
14045
14408
14679
15036
15369
15752
15895
16195
16530
16876
17145
17542
17991
18431
18747
19090
19432
19841
20225
20588
20973
21422
21796
22362
22749
23322
23693
24125
24583
25192
25689
26248
26829
27229
27800
28360
29102
29632
30194
30766
31354
31966
32583
33131
33826
34622
35276
36001
36663
37233
37862
38535
39169
40063
40725
41562
42381
43288
44171
45121
45950
47140
48074
48922
49926
51121
52078
53197
54162
55252
56058
57224
58251
59256
60533
61847
63284
64464
65828
66975
68544
69687
71155
72734
74021
75472
77093
78598
80200
81609
83092
84886
86993
88666
90747
92707
94483
96367
98595
100623
102662
104968
106944
109160
111314
113375
115798
117777
120187
122279
124609
127038
129484
131765
134356
136697
139032
141493
144300
147069
150100
153003
155737
158611
161765
165012
168900
172219
175381
178782
182041
185668
189547
193405
197092
200670
204822
209321
213339
217705
221981
226251
230608
234956
239419
244459
249275
254082
259341
264851
269995
275332
281285
287153
293021
298437
305293
310957
317677
324401
330540
337280
343508
350052
356930
363901
370664
378300
385688
393562
401748
409459
417030
425266
434094
442846
451562
460760
470469
479886
489562
499633
509526
519354
529605
539650
550359
561633
572367
583516
594701
607197
619677
632282
645825
658670
671875
685296
699010
712883
727303
741978
757135
771746
787095
802955
818841
835185
851784
869286
886791
905371
923985
942529
961530
981015
1000878
1021077
1042464
1062863
