1
1
2
3
2
2
2
2
2
3
2
3
3
2
2
1
1
2
2
3
3
3
5
6
7
4
5
7
6
8
8
9
9
6
5
4
2
2
4
6
6
6
5
5
5
6
8
10
12
14
19
22
27
25
24
31
33
31
34
38
40
36
38
41
49
54
54
57
59
66
67
67
62
65
66
63
71
76
77
77
85
92
105
104
114
111
116
129
137
155
161
167
175
184
186
200
215
215
230
244
260
279
295
303
315
331
350
363
371
391
408
432
441
454
474
489
501
529
535
562
589
613
657
689
710
751
794
824
871
923
957
1009
1050
1097
1154
1218
1280
1351
1393
1506
1570
1626
1696
1769
1856
1960
2047
2130
2197
2290
2391
2487
2563
2673
2768
2917
3037
3252
3419
3579
3745
3922
4091
4278
4485
4683
4990
5235
5479
5751
6057
6398
6762
7189
7482
7817
8233
8581
9085
9513
9946
10464
11080
