1
1
2
4
5
4
4
5
6
6
6
6
5
7
7
7
10
9
14
12
11
9
11
10
11
13
13
14
12
11
10
11
9
6
8
7
8
7
5
4
3
3
4
4
6
8
9
10
12
11
11
10
8
7
7
7
8
7
9
10
10
13
12
12
11
13
12
11
8
8
9
9
11
13
16
18
20
21
26
25
25
28
24
26
23
28
27
29
27
25
21
23
22
26
26
23
25
25
25
32
27
27
23
19
20
18
16
16
16
14
8
10
12
13
14
15
13
16
16
16
17
20
15
16
16
19
21
20
23
23
22
20
21
26
25
27
30
31
30
36
36
33
31
30
30
29
32
35
39
43
38
33
35
34
31
35
37
39
36
31
33
39
37
36
35
33
34
31
26
28
28
27
29
28
26
29
26
23
26
30
35
41
48
46
49
47
52
50
52
53
52
50
52
52
51
57
57
53
56
57
60
62
58
63
62
66
62
53
53
59
54
54
57
53
47
45
49
49
47
50
58
53
55
56
56
62
65
66
72
78
71
72
72
68
66
71
72
78
73
72
75
78
77
82
82
81
80
69
70
79
76
80
84
71
62
63
62
67
73
71
80
85
88
88
87
81
84
78
78
77
77
69
64
73
78
89
99
101
101
105
112
113
117
122
118
110
111
113
124
130
126
124
129
129
122
131
142
146
161
168
161
162
154
156
144
143
139
146
149
143
127
126
116
118
109
120
120
122
125
114
117
118
118
113
112
115
124
132
127
126
127
125
133
130
125
129
134
134
128
137
132
148
155
153
149
148
165
167
164
148
158
157
154
156
171
170
161
166
186
185
186
191
183
188
180
193
194
199
192
208
214
231
229
225
242
248
250
253
243
246
231
223
206
193
189
190
195
195
195
191
192
192
209
211
215
214
225
223
217
230
233
237
237
246
239
237
246
238
253
249
266
253
266
282
292
298
271
267
260
272
273
271
295
290
282
292
295
293
308
314
321
314
312
312
317
321
329
331
328
335
337
323
334
333
309
304
308
316
307
309
302
315
326
336
340
328
323
327
333
340
337
372
387
388
388
389
404
421
423
441
435
437
459
464
463
444
462
452
450
444
449
448
455
484
495
495
492
488
494
508
517
523
529
539
553
562
571
577
572
579
605
602
628
639
633
643
665
652
651
665
650
628
643
632
653
655
668
686
679
673
703
691
718
742
740
731
739
731
750
741
772
764
749
745
770
785
818
835
842
837
850
850
859
868
895
938
954
982
1010
1016
1019
1058
1056
1091
1122
1156
1151
1158
1173
1170
1141
1159
1155
1193
1225
1241
1275
1281
1285
1263
1269
1288
1294
1327
1343
1324
1321
1319
1283
1277
1281
1291
1269
1259
1285
1324
1370
1411
1449
1444
1406
1433
1446
1459
1458
1511
1516
1520
1538
1563
1572
1592
1601
1635
1646
1644
1656
1706
1765
1794
1852
1913
1933
1932
1953
1956
1978
1954
1985
2035
2018
2026
2083
2081
2060
2086
2120
2162
2202
2203
2211
2212
2240
2248
2272
2286
2316
2306
2310
2291
2318
2354
2399
2403
2463
2492
2514
2561
2528
2508
2532
2597
2662
2688
2697
2724
2781
2788
2843
2791
2815
2839
2876
2873
2869
2939
2963
2985
3025
3029
3061
3109
3146
3182
3201
3244
3273
3324
3372
3380
3439
3508
3545
3602
3637
3681
3680
3661
3637
3710
3760
3820
3880
3950
4047
4053
4052
4109
4215
4196
4265
4350
4349
4340
4438
4489
4518
4555
4558
4597
4625
4676
4702
4678
4735
4779
4901
4935
4980
5019
5016
5032
5209
5237
5308
5319
5382
5406
5418
5481
5512
5625
5698
5673
5729
5721
5736
5861
5862
5909
5941
5980
6057
6105
6085
6186
6178
6176
6218
6260
6323
6435
6459
6558
6550
6609
6688
6734
6878
6891
6934
6924
7027
7050
7119
7124
7118
7096
7226
7329
7422
7517
7627
7684
7728
7799
7938
8006
8070
8205
8223
8329
8450
8539
8643
8716
8766
8852
8973
9067
9129
9096
9276
9306
9375
9487
9538
9642
9768
9944
10034
10101
10246
10414
10525
10608
10621
10755
10799
10849
10896
11118
11252
11481
11645
11803
11916
11928
11980
12136
12297
12425
12473
12539
12609
12699
12890
13069
13213
13288
13306
13494
13622
13761
13853
14020
14220
14298
14543
14697
14868
15047
15191
15399
15466
15723
16079
16227
16307
16496
16640
16806
16949
17155
17467
17475
17755
17999
18285
18472
18713
18737
18831
19179
19355
19511
19704
19914
20143
20154
20449
20729
20875
21067
21371
21644
21735
22032
22240
22477
22737
22921
23156
23412
23647
23793
24198
24438
24609
24926
25179
25336
25532
25751
25820
26057
26288
26642
26855
27070
27379
27589
27911
28243
28611
28796
29032
29201
29500
29792
29925
30087
30404
30478
30671
30993
31262
31332
31715
32147
32439
32898
33304
33676
34158
34638
34863
35102
35493
35955
36211
36484
36844
37356
37957
38207
38552
39009
39332
39655
39940
40172
40310
40778
41216
41592
41840
42358
42766
42929
43428
44000
44431
44815
45377
45859
46282
46996
47267
47491
48105
48513
48900
49335
50101
50653
51079
51680
52092
52691
53158
53770
54446
54817
55543
56052
56709
57241
57747
58196
58623
59159
59803
60490
60713
61418
62038
62630
63422
63829
64282
64947
65555
66043
66702
67125
67797
68038
68629
69163
69718
70611
71257
71966
72624
73432
73979
74896
75675
76687
77330
78500
79430
80437
81268
82274
83143
84143
84978
85692
86608
87372
88350
89245
89879
90484
91449
92395
93221
93886
94576
95801
96883
98021
98913
99889
100755
102104
103512
104868
106074
106896
108173
109400
110656
111994
113107
114306
115580
116786
117672
119018
120329
121670
123055
124461
125814
126935
128247
129542
130612
131626
133135
133943
135266
136373
137508
138505
139860
141099
142535
144142
145770
147234
148907
150106
151511
153331
155273
157067
158973
160734
162223
163531
165107
166666
168376
170374
172086
173860
175519
177137
178990
180600
182781
184572
186332
188450
190383
191845
193675
195497
197648
199736
201831
203996
205773
207853
209824
212412
214748
216872
219179
221460
223545
225500
228097
230383
232618
235019
237550
240152
242732
245363
247856
250760
253103
255534
257978
260432
262635
265378
267877
270510
273670
276053
278811
281701
284205
286852
289719
292323
295160
298167
301549
305160
308235
310813
314127
317708
320947
324703
328467
331602
334732
338424
341357
345105
348332
351220
354307
357794
361374
364303
368068
371875
375264
378515
381931
385250
388977
393040
397489
402079
405032
409354
414197
418702
422400
426217
430716
435386
440136
444712
449227
453151
457879
461728
466095
470731
475412
480043
484326
488971
494228
498732
503845
508979
514457
519536
525312
530724
535773
541235
547081
552761
558275
564397
569283
575188
580744
586188
591630
598015
603766
609040
614968
620875
627409
633747
640138
646518
653389
659809
666918
673565
680887
687623
693695
700255
707046
714176
720847
728765
735856
742999
751032
759175
766944
774517
781434
788784
796587
804769
812230
819954
828860
836721
844624
852907
861174
871024
879617
888575
895795
905782
914777
923296
932582
942778
952406
962542
972425
982139
991118
1000690
1011360
1020824
1031326
1042212
1052050
1063424
1073920
1084806
1094526
1105741
1117216
1128584
1139841
1150911
1162080
1174546
1185924
1197862
1209474
1221172
1233207
1245275
1258815
1271413
1283568
1297234
1311251
1324597
1337129
1350470
1364041
1378109
1391929
1406257
1421847
1437032
1451334
1465842
1480534
1494674
1508731
1523469
1538227
1553570
1568895
1586331
1602679
1617855
1635005
1652009
1667512
1684765
1702009
1718369
1735839
1753674
1770618
1788248
1806182
1824522
1842903
1859853
1878231
1897312
1916570
1934765
1954686
1972960
1992558
2012740
2031931
2053153
2073550
2094754
2116035
2137028
2156501
2177510
2199408
2221243
2245060
2267956
2290728
2312699
2335739
2358056
2381552
2405910
2430136
2454841
2479417
2503697
2529551
2554409
2580517
2604733
2630600
2657512
2682829
2709515
2737063
2765241
2791985
2819055
2847617
2875533
2904381
2933643
2963652
2992559
3022899
3051986
3082381
3114033
3147150
3179057
3209539
3242195
3274691
3305427
3337923
3372580
3405068
3438883
3473930
3510058
3545617
3580734
3617209
3653271
3689983
3726585
3763236
3801107
3840259
3880152
3919452
3958814
3998124
4037919
4079034
4120995
4163948
4205398
4246154
4288420
4332176
4376188
4417955
4462631
4505039
4548226
4593125
4637804
4681520
4729054
4774862
4824369
4873008
4923581
4971153
5022193
5072088
5123191
5174143
5228813
5281254
5333856
5386064
5441560
5495593
5550421
5607333
5663934
5722826
5778728
5838601
5896443
5954624
6016210
6076673
6137669
6198937
6260839
6323447
6385714
6448373
6510799
6576927
6642943
6709243
6778271
6844827
6912942
6981666
