1
1
2
1
1
1
1
1
1
1
1
2
2
4
4
5
6
5
5
6
6
4
3
3
2
2
2
2
1
1
1
1
2
4
6
7
8
8
10
14
13
19
20
18
20
19
22
19
15
16
14
15
14
14
12
13
11
8
6
9
11
12
11
10
11
13
13
13
16
21
25
18
18
16
13
13
11
9
10
9
12
15
20
17
13
11
12
13
11
13
8
8
11
13
14
15
17
16
14
13
11
7
7
6
6
7
9
10
8
9
11
14
13
14
14
18
19
20
16
16
16
18
24
19
22
26
24
23
23
24
24
22
27
32
30
30
32
36
34
37
36
37
40
37
42
39
35
38
42
46
46
45
48
45
51
48
48
36
40
42
46
48
36
28
31
26
30
37
42
44
52
57
55
53
52
57
58
63
61
63
70
69
72
83
94
96
103
112
103
110
114
115
125
123
130
143
140
132
135
148
145
156
160
149
148
155
146
152
139
140
138
145
136
142
141
155
156
154
161
174
173
169
173
174
187
191
198
198
202
212
218
221
223
250
250
268
260
263
276
289
303
316
314
330
322
338
333
354
354
360
360
347
351
358
361
361
352
352
348
359
357
376
379
408
415
435
465
488
516
527
556
549
558
556
543
542
543
553
546
553
576
593
617
640
624
632
657
675
677
683
710
716
720
724
730
731
749
775
805
808
838
821
845
802
809
822
847
872
888
877
896
941
992
995
1007
1029
1057
1064
1062
1080
1083
1104
1153
1184
1231
1250
1297
1283
1304
1315
1342
1357
1398
1422
1463
1520
1574
1593
1633
1613
1638
1655
1683
1706
1702
1745
1806
1829
1830
1877
1955
1976
1998
2044
2123
2192
2234
2277
2343
2395
2463
2506
2537
2570
2626
2693
2705
2802
2895
2997
3098
3179
3202
3276
3342
3436
3562
3656
3731
3796
3800
3944
4038
4160
4263
4353
4410
4524
4558
4626
4741
4836
4879
4983
5184
5315
5437
5519
5628
5753
5847
5999
6049
6161
6354
6476
6617
6746
6834
6987
7165
7345
7584
7761
7800
7980
8170
8351
8598
8753
8949
9089
9408
9532
9709
9856
10099
10257
10421
10632
10859
11051
11268
11456
11689
11789
11969
12212
12432
12803
12955
13191
13595
13949
14233
14604
14963
15290
15579
15883
16176
16490
16873
17295
17600
17906
18365
18673
18980
19225
19623
19978
20275
20589
20975
21394
21880
22164
22547
22977
23454
23895
24443
24826
25222
25668
26055
26594
27160
27748
28371
28956
29648
30171
30876
31524
31981
32552
33301
34058
34729
35495
36248
37002
37666
38647
39475
40140
40891
41753
42531
43280
44100
45081
46052
47029
48074
49013
49977
51022
52036
53145
54376
55598
56794
57936
59110
60385
61607
63003
64148
65710
66956
68129
69738
71150
72320
73905
75271
77056
78631
80108
81509
83195
85013
86896
88742
90364
92562
94227
96253
98346
100372
102282
104316
106581
108779
110817
112913
114835
117459
119769
122352
124727
127078
129720
132360
134983
137625
140547
143175
145806
148587
151704
154487
157255
160583
163587
166521
169633
172451
176029
179558
183268
187415
191282
195330
198753
203057
206682
210690
214872
219284
223472
228217
232626
237402
242071
247023
251860
257212
262395
268114
273586
279076
285144
290654
296550
302575
309594
316367
322126
328177
334357
341013
348112
355237
362760
369708
377188
384701
392193
399776
407414
415298
423618
432459
440739
449917
459144
468525
478606
488305
498421
509231
519626
530218
541324
551827
562679
573443
584561
595894
608360
620576
633342
645611
658523
671142
684410
698606
712446
726368
741005
755368
770300
784283
799975
816411
831832
848289
866492
883868
902306
919635
937674
956771
976431
996163
1016144
1036543
1057485
1077886
1099417
1120945
1143943
1166396
1189423
1213178
1237494
1263034
1288455
1314817
1340605
1368863
1396368
1424199
1452061
1481624
1510080
1541308
1571690
1602375
1634758
1666137
1700182
1734853
1768506
1803578
1838407
1875804
1913548
1952832
1992692
2033230
2072354
2113187
2156046
2200287
2243672
2287311
2332197
2379246
2427207
2475117
2524462
2574893
2626605
2680406
2733737
2786725
2842017
2899959
2957701
3015639
3076197
3136921
3200192
3263109
3329286
3396817
3463701
3533127
3603498
3674277
3749749
3825173
3900992
3977570
4057494
4139671
