1
1
1
1
1
1
1
1
2
3
4
3
3
2
2
2
3
2
2
2
2
2
2
2
4
6
5
6
7
6
6
7
7
8
9
9
11
12
14
15
17
18
17
21
23
23
20
22
22
21
20
19
26
24
28
34
38
37
38
36
36
37
34
34
37
36
42
42
35
34
35
34
36
34
36
39
40
44
44
50
56
56
54
49
45
48
53
52
49
54
62
61
56
53
56
55
51
48
52
60
57
56
56
59
54
60
61
65
73
72
69
68
72
70
69
68
65
63
70
70
62
61
61
59
60
58
70
65
66
69
74
71
74
81
88
81
76
73
77
79
75
67
67
64
71
74
74
79
72
82
82
71
77
79
88
95
91
91
97
94
103
104
98
107
115
113
115
125
130
129
129
126
118
118
118
116
107
111
120
117
126
117
126
133
147
138
134
132
136
138
132
136
142
142
143
137
131
126
129
132
134
127
131
130
120
134
140
139
143
149
149
157
149
153
154
172
169
168
174
190
182
196
202
197
208
214
229
236
241
240
250
256
256
239
250
262
268
261
264
274
289
297
306
315
326
326
306
301
301
295
303
320
325
330
325
331
318
327
329
319
311
308
331
335
336
358
360
347
340
333
352
354
351
341
332
343
353
354
354
351
336
334
349
342
356
357
352
353
336
354
365
364
383
376
366
349
336
330
343
358
366
377
378
381
387
396
397
399
412
417
425
429
424
422
417
415
390
421
438
418
431
428
418
397
413
430
441
450
444
447
452
467
489
465
496
519
533
554
555
559
566
581
595
602
627
654
662
671
664
682
696
708
729
720
725
738
748
759
812
814
810
793
781
766
784
793
772
776
790
794
829
845
821
818
831
813
811
823
803
824
810
811
830
836
849
875
886
902
888
898
911
921
919
926
945
951
969
971
999
1048
1041
1066
1081
1080
1102
1148
1181
1205
1223
1231
1255
1291
1308
1305
1329
1367
1381
1425
1407
1447
1438
1450
1464
1489
1528
1570
1593
1621
1635
1647
1662
1652
1668
1689
1709
1714
1743
1762
1776
1804
1833
1870
1874
1887
1877
1852
1874
1910
1910
1937
1911
1937
1976
1986
2007
2026
2031
2068
2121
2147
2130
2113
2111
2110
2151
2113
2120
2176
2230
2304
2351
2381
2402
2384
2379
2367
2421
2439
2511
2532
2568
2605
2605
2649
2687
2688
2805
2844
2919
2976
3018
3021
3049
3072
3122
3126
3149
3196
3263
3257
3308
3357
3417
3455
3474
3528
3562
3536
3555
3583
3550
3545
3615
3685
3731
3753
3743
3783
3815
3874
3866
3856
3864
3894
3962
4021
4061
4115
4079
4123
4112
4118
4125
4095
4160
4241
4262
4322
4349
4443
4489
4550
4565
4623
4594
4627
4698
4729
4790
4839
4903
4940
5007
5046
5161
5213
5317
5408
5426
5508
5633
5673
5727
5791
5798
5833
5959
6004
6103
6139
6196
6260
6332
6350
6464
6580
6589
6728
6885
6986
7039
7114
7175
7256
7434
7566
7653
7705
7861
7878
8006
8068
8089
8177
8337
8459
8490
8587
8776
8790
8916
9001
9096
9211
9247
9269
9291
9285
9368
9507
9608
9640
9735
9905
9931
10018
10124
10205
10366
10556
10734
10846
11123
11221
11298
11435
11577
11564
11699
11912
12060
12097
12108
12146
12244
12344
12349
12545
12713
12751
12806
12880
13071
13263
13331
13397
13523
13678
13761
13894
13989
14097
14150
14212
14323
14482
14644
14735
14908
14920
15250
15335
15395
15489
15599
15794
16077
16233
16350
16566
16634
16679
16949
17119
17205
17473
17495
17520
17644
17846
18009
18301
18372
18593
18920
19178
19425
19542
19703
19884
20009
20055
20190
20369
20498
20711
20742
20931
21227
21566
21757
22048
22305
22435
22834
22986
23319
23545
23925
24244
24510
24819
25051
25263
25561
25770
25904
26441
26750
27055
27283
27545
27859
28054
28319
28662
28721
29043
29469
29584
29732
30087
30470
30775
30895
31357
31669
32025
32410
32825
33327
33581
34095
34347
34703
35104
35362
35678
35999
36406
36905
37188
37500
37871
38345
38787
39137
39786
40081
40468
41095
41261
41582
41794
42082
42549
42979
43386
44010
44374
44760
45078
45530
45624
45958
46519
47073
47722
48224
48514
49203
49751
50340
50792
51431
52092
52672
53176
53540
54221
54526
54989
55301
56004
56618
57031
57709
58401
58958
59700
60239
60976
61638
62408
63091
63766
64449
64989
65700
66353
66925
67851
68285
69113
69800
70509
71426
72344
73063
73928
74582
75681
76592
77473
78223
78925
79691
80594
81474
82267
82908
83387
84261
85080
85992
87105
87999
88975
89681
90864
91667
92712
93431
94385
95233
96149
97351
98285
99217
100244
101436
102429
103418
104258
105600
106732
108126
109490
110778
112230
112822
114062
115338
116706
117668
118858
119900
121257
122851
124273
125429
126883
128115
129576
131048
132099
133736
135301
136643
138061
139590
141068
142112
143691
144890
146312
148083
149576
150933
152415
154074
155868
157179
158673
160352
161876
162962
164373
165368
167052
168498
170251
171848
174074
176155
177931
179930
181461
183368
185254
187087
188502
190344
192025
193937
195852
197807
200226
201840
203570
205232
207289
208950
210964
212951
215325
217252
219552
221893
223992
225993
228299
230439
233183
235716
238551
240781
243054
245813
247720
249744
252015
254634
256943
259080
261523
264198
266979
269434
272155
275112
278140
280561
283575
286782
289741
292138
294927
297624
300093
303435
306552
309401
312880
316172
319165
322784
326272
329688
332892
336445
339820
342675
346099
349614
352884
356475
360479
364052
367580
371459
374976
379091
382823
386811
391022
394694
398510
402519
407057
411202
415690
419904
423561
428127
432652
437137
441984
446827
451251
455561
460456
465332
469797
473396
478120
483245
487723
492239
497028
501594
506993
511870
517076
522027
526896
532902
538351
544177
549799
554593
559618
565619
571566
577335
582790
588460
594236
600280
606947
613092
619024
625601
631511
637161
643329
649298
655699
662591
670156
677013
683432
690070
696774
703540
709903
717673
724042
731311
738791
745632
753332
760826
769310
776625
784476
791788
799349
806692
814627
822308
830496
838271
846967
855537
864620
873264
881364
890627
899297
909021
919315
928224
937174
946323
956312
965132
975400
985186
994998
1005632
1016016
1024983
1036564
1047171
1058484
1067541
1078880
1089076
1101061
1112805
1124622
1135806
1148650
1159720
1170818
